#time,susceptible,exposed,infectious,recovered,dead,num infections today,num hospitalisations today,num hospitalisations today (data)
-29,327758,426,0,0,0,0,0,0.0
-28,327758,426,0,0,0,0,0,0.0
-27,327758,426,0,0,0,0,0,0.0
-26,327758,426,0,0,0,0,0,0.0
-25,327758,426,0,0,0,0,0,0.0
-24,327758,426,0,0,0,0,0,0.0
-23,327758,426,0,0,0,0,0,0.0
-22,327758,426,0,0,0,0,0,0.0
-21,327758,426,0,0,0,0,0,0.0
-20,327758,375,51,0,0,0,0,0.0
-19,327758,375,51,0,0,0,0,0.0
-18,327758,358,68,0,0,0,0,0.0
-17,327757,342,85,0,0,1,0,0.0
-16,327751,330,103,0,0,6,0,0.0
-15,327747,310,127,0,0,4,0,0.0
-14,327737,265,180,2,0,10,0,0.0
-13,327729,178,273,4,0,8,0,0.0
-12,327720,111,345,8,0,9,0,0.0
-11,327709,79,384,12,0,11,0,0.0
-10,327690,19,459,16,0,19,3,0.0
-9,327651,39,475,19,0,39,0,0.0
-8,327621,30,503,30,0,30,2,0.0
-7,327584,37,517,46,0,37,3,0.0
-6,327528,56,534,66,0,56,1,0.0
-5,327480,48,566,90,0,48,1,0.0
-4,327415,65,587,116,1,65,2,0.0
-3,327340,75,628,140,1,75,2,0.0
-2,327244,96,660,183,1,96,3,0.0
-1,327154,90,717,222,1,90,3,0.0
0,327032,122,764,265,1,122,2,40.0
1,326907,125,839,312,1,125,2,7.0
2,326759,148,916,360,1,148,0,10.0
3,326603,156,1016,408,1,156,4,4.0
4,326411,192,1119,460,2,192,0,3.0
5,326199,212,1262,508,3,212,1,5.0
6,325961,238,1410,569,6,238,2,6.0
7,325677,284,1598,618,7,284,3,6.0
8,325358,319,1829,671,7,319,4,9.0
9,324979,379,2091,728,7,379,1,12.0
10,324580,399,2393,805,7,399,6,7.0
11,324141,439,2696,901,7,439,3,11.0
12,323617,524,3048,988,7,524,4,18.0
13,323033,584,3472,1087,8,584,4,13.0
14,322438,595,3917,1225,9,595,7,27.0
15,321813,625,4364,1372,10,625,3,23.0
16,321477,336,4836,1525,10,336,9,33.0
17,321139,338,4972,1725,10,338,8,23.0
18,320789,350,5124,1909,12,350,12,35.0
19,320390,399,5235,2147,13,399,13,26.0
20,320008,382,5400,2378,16,382,11,23.0
21,319592,416,5477,2683,16,416,8,15.0
22,319165,427,5549,3026,17,427,11,1.0
23,319057,108,5594,3408,17,108,6,0.0
24,318937,120,5318,3790,19,120,11,0.0
25,318831,106,5030,4197,20,106,20,0.0
26,318734,97,4718,4614,21,97,17,0.0
27,318612,122,4371,5055,24,122,15,0.0
28,318487,125,4043,5503,26,125,19,0.0
29,318355,132,3710,5961,26,132,10,0.0
30,318219,136,3392,6406,31,136,9,0.0
31,318086,133,3123,6808,34,133,7,0.0
32,317920,166,2886,7174,38,166,11,0.0
33,317793,127,2657,7566,41,127,7,0.0
34,317637,156,2439,7909,43,156,8,0.0
35,317485,152,2295,8205,47,152,6,0.0
36,317325,160,2162,8488,49,160,5,0.0
37,317174,151,2034,8770,55,151,3,0.0
38,317004,170,1983,8970,57,170,4,0.0
39,316861,143,1966,9153,61,143,4,0.0
40,316686,175,1925,9335,63,175,8,0.0
41,316536,150,1953,9482,63,150,9,0.0
42,316380,156,1963,9621,64,156,8,0.0
43,316217,163,1972,9765,67,163,9,0.0
44,316039,178,2010,9888,69,178,10,0.0
45,315883,156,2043,10030,72,156,11,0.0
46,315709,174,2078,10149,74,174,8,0.0
47,315529,180,2120,10279,76,180,7,0.0
48,315353,176,2133,10444,78,176,4,0.0
49,315168,185,2151,10602,78,185,7,0.0
50,315016,152,2192,10745,79,152,7,0.0
51,314845,171,2200,10886,82,171,6,0.0
52,314666,179,2229,11026,84,179,7,0.0
53,314493,173,2257,11177,84,173,10,0.0
54,314292,201,2269,11334,88,201,14,0.0
55,314097,195,2299,11501,92,195,8,0.0
56,313903,194,2339,11654,94,194,6,0.0
57,313718,185,2367,11820,94,185,8,0.0
58,313501,217,2379,11993,94,217,7,0.0
59,313298,203,2435,12154,94,203,10,0.0
60,313063,235,2462,12330,94,235,9,0.0
61,312854,209,2518,12507,96,209,8,0.0
62,312648,206,2544,12688,98,206,13,0.0
63,312419,229,2578,12859,99,229,11,0.0
64,312198,221,2617,13047,101,221,14,0.0
65,311962,236,2644,13240,102,236,7,0.0
66,311751,211,2712,13406,104,211,9,0.0
67,311545,206,2755,13574,104,206,13,0.0
68,311302,243,2769,13765,105,243,7,0.0
69,311055,247,2848,13928,106,247,8,0.0
70,310796,259,2928,14090,111,259,7,0.0
71,310548,248,2975,14300,113,248,16,0.0
72,310319,229,3005,14516,115,229,5,0.0
73,310052,267,3012,14735,118,267,10,0.0
74,309789,263,3079,14932,121,263,13,0.0
75,309551,238,3116,15156,123,238,12,0.0
76,309282,269,3142,15366,125,269,10,0.0
77,308982,300,3218,15556,128,300,24,0.0
78,308715,267,3306,15762,134,267,9,0.0
79,308437,278,3323,16011,135,278,10,0.0
80,308169,268,3382,16225,140,268,11,0.0
81,307860,309,3443,16431,141,309,15,0.0
82,307601,259,3507,16672,145,259,12,0.0
83,307314,287,3529,16906,148,287,13,0.0
84,307029,285,3590,17130,150,285,18,0.0
85,306718,311,3610,17392,153,311,18,0.0
86,306430,288,3682,17631,153,288,19,0.0
87,306114,316,3725,17874,155,316,9,0.0
88,305802,312,3774,18138,158,312,7,0.0
89,305506,296,3821,18402,159,296,9,0.0
90,305191,315,3817,18699,162,315,22,0.0
91,304892,299,3846,18982,165,299,17,0.0
92,304573,319,3859,19264,169,319,11,0.0
93,304204,369,3882,19556,173,369,14,0.0
94,303135,1069,3957,19845,178,1069,21,0.0
95,302089,1046,4762,20105,182,1046,11,0.0
96,301031,1058,5505,20405,185,1058,17,0.0
97,299940,1091,6291,20673,189,1091,17,0.0
98,298871,1069,7093,20961,190,1069,18,0.0
99,297860,1011,7894,21224,195,1011,22,0.0
100,296787,1073,8597,21530,197,1073,10,0.0
101,295676,1111,9372,21824,201,1111,20,0.0
102,294486,1190,10147,22155,206,1190,22,0.0
103,293359,1127,10950,22540,208,1127,29,0.0
104,292152,1207,11642,22973,210,1207,34,0.0
105,290957,1195,12343,23473,216,1195,41,0.0
106,289741,1216,12942,24062,223,1216,38,0.0
107,288446,1295,13559,24658,226,1295,46,0.0
108,287143,1303,14112,25396,230,1303,48,0.0
109,285829,1314,14621,26187,233,1314,52,0.0
110,284477,1352,15046,27068,241,1352,51,0.0
111,283142,1335,15503,27959,245,1335,51,0.0
112,281782,1360,15873,28920,249,1360,34,0.0
113,280384,1398,16190,29955,257,1398,61,0.0
114,278986,1398,16525,31011,264,1398,61,0.0
115,277463,1523,16807,32118,273,1523,60,0.0
116,275886,1577,17237,33206,278,1577,75,0.0
117,274405,1481,17668,34343,287,1481,70,0.0
118,272789,1616,18020,35463,296,1616,61,0.0
119,271231,1558,18365,36714,316,1558,69,0.0
120,269553,1678,18712,37909,332,1678,90,0.0
121,267881,1672,19181,39107,343,1672,75,0.0
122,266235,1646,19524,40423,356,1646,64,0.0
123,264537,1698,19851,41735,363,1698,76,0.0
124,262770,1767,20221,43048,378,1767,63,0.0
125,260988,1782,20580,44439,395,1782,58,0.0
126,259158,1830,20995,45791,410,1830,73,0.0
127,257379,1779,21418,47174,434,1779,89,0.0
128,255640,1739,21837,48517,451,1739,74,0.0
129,253779,1861,22096,49975,473,1861,85,0.0
130,251918,1861,22509,51406,490,1861,91,0.0
131,250082,1836,22812,52946,508,1836,73,0.0
132,248129,1953,22990,54592,520,1953,90,0.0
133,246145,1984,23288,56233,534,1984,77,0.0
134,244212,1933,23648,57835,556,1933,101,0.0
135,242315,1897,23961,59444,567,1897,86,0.0
136,240323,1992,24179,61090,600,1992,82,0.0
137,238392,1931,24511,62732,618,1931,107,0.0
138,236366,2026,24737,64424,631,2026,77,0.0
139,234287,2079,25027,66150,641,2079,104,0.0
140,232291,1996,25359,67879,659,1996,96,0.0
141,230336,1955,25565,69652,676,1955,109,0.0
142,228280,2056,25758,71392,698,2056,99,0.0
143,226258,2022,25940,73246,718,2022,93,0.0
144,224160,2098,26164,75029,733,2098,107,0.0
145,222141,2019,26371,76906,747,2019,102,0.0
146,220065,2076,26520,78753,770,2076,97,0.0
147,218036,2029,26647,80670,802,2029,95,0.0
148,215906,2130,26747,82587,814,2130,103,0.0
149,213828,2078,26842,84608,828,2078,96,0.0
150,211788,2040,26885,86621,850,2040,101,0.0
151,209707,2081,27055,88478,863,2081,135,0.0
152,207564,2143,27143,90446,888,2143,108,0.0
153,205554,2010,27302,92413,905,2010,101,0.0
154,203455,2099,27353,94356,921,2099,102,0.0
155,201399,2056,27444,96333,952,2056,127,0.0
156,199355,2044,27527,98278,980,2044,88,0.0
157,197289,2066,27528,100305,996,2066,101,0.0
158,195211,2078,27598,102288,1009,2078,103,0.0
159,193185,2026,27587,104357,1029,2026,108,0.0
160,191128,2057,27454,106494,1051,2057,93,0.0
161,189089,2039,27492,108490,1074,2039,102,0.0
162,186988,2101,27409,110582,1104,2101,110,0.0
163,184919,2069,27485,112580,1131,2069,113,0.0
164,182861,2058,27515,114597,1153,2058,112,0.0
165,180913,1948,27508,116640,1175,1948,100,0.0
166,178879,2034,27351,118717,1203,2034,95,0.0
167,176897,1982,27273,120804,1228,1982,106,0.0
168,174987,1910,27255,122779,1253,1910,101,0.0
169,172937,2050,27109,124806,1282,2050,113,0.0
170,171090,1847,27021,126920,1306,1847,120,0.0
171,169073,2017,26777,128995,1322,2017,114,0.0
172,167167,1906,26748,131015,1348,1906,99,0.0
173,165265,1902,26624,133026,1367,1902,112,0.0
174,163387,1878,26431,135109,1379,1878,110,0.0
175,161544,1843,26212,137184,1401,1843,119,0.0
176,159672,1872,26004,139208,1428,1872,103,0.0
177,157851,1821,25791,141260,1461,1821,110,0.0
178,156021,1830,25613,143222,1498,1830,91,0.0
179,154210,1811,25405,145235,1523,1811,113,0.0
180,152451,1759,25275,147155,1544,1759,124,0.0
