#time,susceptible,exposed,infectious,recovered,dead,num infections today,num hospitalisations today,num hospitalisations today (data)
-29,292840,425,0,0,0,0,0,0.0
-28,292840,425,0,0,0,0,0,0.0
-27,292840,425,0,0,0,0,0,0.0
-26,292840,425,0,0,0,0,0,0.0
-25,292840,425,0,0,0,0,0,0.0
-24,292840,425,0,0,0,0,0,0.0
-23,292840,425,0,0,0,0,0,0.0
-22,292840,425,0,0,0,0,0,0.0
-21,292840,425,0,0,0,0,0,0.0
-20,292840,374,51,0,0,0,0,0.0
-19,292834,380,51,0,0,6,0,0.0
-18,292825,366,74,0,0,9,0,0.0
-17,292805,360,100,0,0,20,0,0.0
-16,292765,363,137,0,0,40,0,0.0
-15,292693,378,194,0,0,72,0,0.0
-14,292584,364,315,2,0,109,1,0.0
-13,292425,329,509,2,0,159,0,0.0
-12,292122,405,735,3,0,303,0,0.0
-11,291629,561,1068,7,0,493,0,0.0
-10,290782,847,1622,14,0,847,0,0.0
-9,289403,1379,2461,22,0,1379,0,0.0
-8,287119,2284,3819,43,0,2284,2,0.0
-7,283458,3661,6087,59,0,3661,0,0.0
-6,278119,5339,9712,95,0,5339,5,0.0
-5,273321,4798,14995,150,1,4798,2,0.0
-4,269429,3892,19709,234,1,3892,10,0.0
-3,266152,3277,23493,342,1,3277,14,0.0
-2,263366,2786,26596,516,1,2786,18,0.0
-1,261006,2360,29096,802,1,2360,27,0.0
0,258751,2255,31062,1196,1,2255,51,40.0
1,256457,2294,32727,1785,2,2294,64,7.0
2,253985,2472,34056,2747,5,2472,91,10.0
3,251378,2607,35257,4016,7,2607,106,4.0
4,248178,3200,36299,5578,10,3200,118,3.0
5,244475,3703,37486,7587,14,3703,164,5.0
6,240001,4474,38839,9929,22,4474,125,6.0
7,234835,5166,40690,12544,30,5166,167,6.0
8,229071,5764,42948,15441,41,5764,150,9.0
9,222470,6601,45770,18369,55,6601,142,12.0
10,215052,7418,49342,21378,75,7418,158,7.0
11,207088,7964,53792,24324,97,7964,164,11.0
12,198650,8438,58673,27377,127,8438,133,18.0
13,189637,9013,64105,30356,154,9013,130,13.0
14,180374,9263,70201,33240,187,9263,170,27.0
15,170924,9450,76371,36302,218,9450,173,23.0
16,167641,3283,82623,39467,251,3283,184,33.0
17,164186,3455,82457,42883,284,3455,212,23.0
18,160574,3612,82094,46667,318,3612,225,35.0
19,156923,3651,81433,50901,357,3651,227,26.0
20,153203,3720,80374,55572,396,3720,270,23.0
21,149295,3908,78890,60741,431,3908,306,15.0
22,145397,3898,76980,66524,466,3898,347,1.0
23,143431,1966,74790,72576,502,1966,357,0.0
24,141298,2133,70102,79189,543,2133,332,0.0
25,139169,2129,65420,85953,594,2129,358,0.0
26,137008,2161,60667,92793,636,2161,325,0.0
27,134727,2281,55987,99570,700,2281,282,0.0
28,132563,2164,51817,105963,758,2164,287,0.0
29,130267,2296,47913,111962,827,2296,291,0.0
30,128029,2238,44527,117571,900,2238,219,0.0
31,125852,2177,41467,122786,983,2177,189,0.0
32,123693,2159,38859,127509,1045,2159,208,0.0
33,121542,2151,36697,131755,1120,2151,181,0.0
34,119394,2148,34822,135714,1187,2148,161,0.0
35,117253,2141,33326,139302,1243,2141,133,0.0
36,115211,2042,32061,142626,1325,2042,131,0.0
37,113250,1961,31087,145579,1388,1961,126,0.0
38,111317,1933,30217,148343,1455,1933,114,0.0
39,109411,1906,29431,151011,1506,1906,128,0.0
40,107499,1912,28846,153459,1549,1912,120,0.0
41,105635,1864,28317,155859,1590,1864,133,0.0
42,103898,1737,27848,158149,1633,1737,129,0.0
43,102100,1798,27291,160412,1664,1798,83,0.0
44,100384,1716,26781,162697,1687,1716,126,0.0
45,98697,1687,26366,164797,1718,1687,136,0.0
46,96990,1707,25863,166956,1749,1707,121,0.0
47,95401,1589,25319,169179,1777,1589,97,0.0
48,93760,1641,24833,171224,1807,1641,100,0.0
49,92254,1506,24371,173307,1827,1506,102,0.0
50,90724,1530,23849,175305,1857,1530,105,0.0
51,89183,1541,23455,177202,1884,1541,105,0.0
52,87736,1447,23094,179077,1911,1447,105,0.0
53,86334,1402,22665,180930,1934,1402,103,0.0
54,84926,1408,22153,182827,1951,1408,99,0.0
55,83602,1324,21624,184738,1977,1324,102,0.0
56,82296,1306,21139,186526,1998,1306,91,0.0
57,80975,1321,20672,188281,2016,1321,92,0.0
58,79648,1327,20260,189985,2045,1327,76,0.0
59,78391,1257,19888,191663,2066,1257,73,0.0
60,77137,1254,19417,193374,2083,1254,78,0.0
61,75965,1172,19046,194980,2102,1172,76,0.0
62,74818,1147,18623,196551,2126,1147,79,0.0
63,73663,1155,18247,198059,2141,1155,75,0.0
64,72482,1181,17867,199568,2167,1181,83,0.0
65,71426,1056,17481,201111,2191,1056,74,0.0
66,70346,1080,17028,202598,2213,1080,83,0.0
67,69340,1006,16707,203979,2233,1006,73,0.0
68,68361,979,16285,205393,2247,979,58,0.0
69,67311,1050,15886,206756,2262,1050,60,0.0
70,66273,1038,15534,208138,2282,1038,68,0.0
71,65297,976,15307,209388,2297,976,57,0.0
72,64331,966,14922,210733,2313,966,72,0.0
73,63426,905,14572,212029,2333,905,63,0.0
74,62464,962,14238,213253,2348,962,61,0.0
75,61540,924,14022,214411,2368,924,60,0.0
76,60670,870,13765,215570,2390,870,63,0.0
77,59857,813,13468,216723,2404,813,51,0.0
78,55693,4164,13171,217823,2414,4164,50,0.0
79,52010,3683,16279,218869,2424,3683,43,0.0
80,48792,3218,18877,219941,2437,3218,45,0.0
81,45851,2941,21043,220976,2454,2941,53,0.0
82,43149,2702,22941,222007,2466,2702,37,0.0
83,40691,2458,24590,223047,2479,2458,35,0.0
84,38518,2173,26065,224021,2488,2173,51,0.0
85,36379,2139,27152,225090,2505,2139,67,0.0
86,34405,1974,28189,226182,2515,1974,71,0.0
87,32668,1737,28897,227432,2531,1737,80,0.0
88,31015,1653,29248,228806,2543,1653,94,0.0
89,29397,1618,29314,230387,2549,1618,108,0.0
90,27876,1521,29214,232092,2562,1521,111,0.0
91,26478,1398,28718,234096,2575,1398,125,0.0
92,25145,1333,27949,236245,2593,1333,104,0.0
93,23908,1237,26940,238574,2606,1237,111,0.0
94,22694,1214,25638,241093,2626,1214,120,0.0
95,21540,1154,24444,243477,2650,1154,111,0.0
96,20515,1025,23266,245791,2668,1025,103,0.0
97,19506,1009,21926,248129,2695,1009,120,0.0
98,18559,947,20715,250331,2713,947,86,0.0
99,17714,845,19449,252513,2744,845,79,0.0
100,16898,816,18255,254524,2772,816,87,0.0
101,16169,729,17173,256398,2796,729,87,0.0
102,15435,734,16066,258212,2818,734,65,0.0
103,14731,704,15131,259861,2838,704,60,0.0
104,14072,659,14206,261459,2869,659,54,0.0
105,13461,611,13395,262910,2888,611,51,0.0
106,12887,574,12652,264248,2904,574,52,0.0
107,12378,509,11902,265555,2921,509,53,0.0
108,11881,497,11163,266781,2943,497,47,0.0
109,11434,447,10481,267938,2965,447,53,0.0
110,10969,465,9828,269024,2979,465,33,0.0
111,10507,462,9246,270048,3002,462,38,0.0
112,10101,406,8748,270998,3012,406,36,0.0
113,9735,366,8275,271864,3025,366,35,0.0
114,9401,334,7789,272704,3037,334,41,0.0
115,9055,346,7304,273511,3049,346,33,0.0
116,8749,306,6882,274269,3059,306,33,0.0
117,8462,287,6495,274957,3064,287,24,0.0
118,8179,283,6059,275669,3075,283,23,0.0
119,7911,268,5685,276319,3082,268,20,0.0
120,7679,232,5400,276865,3089,232,16,0.0
121,7419,260,5074,277410,3102,260,19,0.0
122,7191,228,4796,277933,3117,228,19,0.0
123,6979,212,4519,278432,3123,212,15,0.0
124,6806,173,4253,278902,3131,173,20,0.0
125,6611,195,3974,279349,3136,195,11,0.0
126,6411,200,3773,279742,3139,200,18,0.0
127,6245,166,3584,280125,3145,166,12,0.0
128,6065,180,3428,280444,3148,180,15,0.0
129,5919,146,3228,280819,3153,146,16,0.0
130,5769,150,3068,281124,3154,150,12,0.0
131,5607,162,2932,281408,3156,162,16,0.0
132,5481,126,2797,281702,3159,126,7,0.0
133,5357,124,2650,281970,3164,124,5,0.0
134,5248,109,2531,282211,3166,109,15,0.0
135,5165,83,2372,282475,3170,83,8,0.0
136,5055,110,2217,282713,3170,110,5,0.0
137,4950,105,2115,282921,3174,105,10,0.0
138,4848,102,1997,283140,3178,102,7,0.0
139,4740,108,1900,283338,3179,108,8,0.0
140,4665,75,1802,283541,3182,75,7,0.0
141,4569,96,1715,283701,3184,96,5,0.0
142,4476,93,1646,283863,3187,93,9,0.0
143,4374,102,1550,284051,3188,102,3,0.0
144,4304,70,1503,284198,3190,70,9,0.0
145,4217,87,1440,284331,3190,87,6,0.0
146,4154,63,1381,284473,3194,63,5,0.0
147,4100,54,1309,284607,3195,54,4,0.0
148,4029,71,1236,284734,3195,71,3,0.0
149,3961,68,1183,284855,3198,68,3,0.0
150,3911,50,1127,284979,3198,50,6,0.0
151,3863,48,1069,285082,3203,48,5,0.0
152,3807,56,1022,285176,3204,56,1,0.0
153,3755,52,988,285265,3205,52,6,0.0
154,3710,45,946,285358,3206,45,6,0.0
155,3657,53,879,285468,3208,53,1,0.0
156,3615,42,852,285548,3208,42,5,0.0
157,3569,46,808,285633,3209,46,0,0.0
158,3530,39,764,285723,3209,39,3,0.0
159,3498,32,739,285787,3209,32,6,0.0
160,3450,48,706,285852,3209,48,2,0.0
161,3422,28,685,285919,3211,28,2,0.0
162,3391,31,644,285987,3212,31,2,0.0
163,3361,30,620,286041,3213,30,5,0.0
164,3325,36,596,286093,3215,36,4,0.0
165,3294,31,567,286156,3217,31,0,0.0
166,3265,29,532,286222,3217,29,3,0.0
167,3229,36,520,286263,3217,36,0,0.0
168,3194,35,506,286311,3219,35,2,0.0
169,3172,22,502,286349,3220,22,1,0.0
170,3140,32,490,286382,3221,32,1,0.0
171,3112,28,481,286423,3221,28,1,0.0
172,3088,24,464,286467,3222,24,4,0.0
173,3068,20,451,286504,3222,20,0,0.0
174,3049,19,420,286555,3222,19,1,0.0
175,3031,18,397,286597,3222,18,1,0.0
176,3015,16,372,286639,3223,16,1,0.0
177,2990,25,361,286666,3223,25,0,0.0
178,2967,23,348,286703,3224,23,1,0.0
179,2941,26,343,286731,3224,26,3,0.0
180,2926,15,339,286761,3224,15,2,0.0
