#time,susceptible,exposed,infectious,recovered,dead,num infections today,num hospitalisations today,num hospitalisations today (data)
-29,240183,425,0,0,0,0,0,0.0
-28,240183,425,0,0,0,0,0,0.0
-27,240183,425,0,0,0,0,0,0.0
-26,240183,425,0,0,0,0,0,0.0
-25,240183,425,0,0,0,0,0,0.0
-24,240183,425,0,0,0,0,0,0.0
-23,240183,425,0,0,0,0,0,0.0
-22,240183,425,0,0,0,0,0,0.0
-21,240183,425,0,0,0,0,0,0.0
-20,240183,374,51,0,0,0,0,0.0
-19,240183,374,51,0,0,0,0,0.0
-18,240183,357,68,0,0,0,0,0.0
-17,240182,341,85,0,0,1,0,0.0
-16,240180,325,103,0,0,2,0,0.0
-15,240177,309,122,0,0,3,2,0.0
-14,240166,266,176,0,0,11,0,0.0
-13,240159,177,270,2,0,7,0,0.0
-12,240146,115,339,8,0,13,0,0.0
-11,240135,79,381,13,0,11,0,0.0
-10,240112,23,457,16,0,23,0,0.0
-9,240087,25,469,27,0,25,1,0.0
-8,240059,28,481,40,0,28,0,0.0
-7,240036,23,492,57,0,23,2,0.0
-6,239995,41,497,75,0,41,3,0.0
-5,239943,52,520,93,0,52,2,0.0
-4,239870,73,552,113,0,73,1,0.0
-3,239820,50,589,149,0,50,1,0.0
-2,239763,57,602,186,0,57,3,0.0
-1,239685,78,622,223,0,78,3,0.0
0,239599,86,648,275,0,86,2,40.0
1,239505,94,672,337,0,94,3,7.0
2,239412,93,730,372,1,93,4,10.0
3,239311,101,790,405,1,101,1,4.0
4,239177,134,841,455,1,134,2,3.0
5,239033,144,912,517,2,144,2,5.0
6,238894,139,1012,560,3,139,2,6.0
7,238713,181,1121,590,3,181,1,6.0
8,238519,194,1242,650,3,194,3,9.0
9,238297,222,1381,704,4,222,4,12.0
10,238048,249,1550,757,4,249,3,7.0
11,237782,266,1743,811,6,266,3,11.0
12,237500,282,1933,887,6,282,4,18.0
13,237176,324,2145,954,9,324,4,13.0
14,236773,403,2390,1033,9,403,4,27.0
15,236391,382,2705,1120,10,382,3,23.0
16,236259,132,2976,1231,10,132,4,33.0
17,236118,141,2983,1355,11,141,13,23.0
18,235944,174,2975,1504,11,174,7,35.0
19,235789,155,3006,1647,11,155,5,26.0
20,235593,196,3002,1805,12,196,6,23.0
21,235386,207,3021,1981,13,207,12,15.0
22,235168,218,3013,2195,14,218,12,1.0
23,235089,79,3005,2420,15,79,12,0.0
24,235033,56,2837,2666,16,56,12,0.0
25,234962,71,2655,2899,21,71,12,0.0
26,234864,98,2457,3167,22,98,8,0.0
27,234774,90,2310,3409,25,90,13,0.0
28,234671,103,2163,3645,26,103,13,0.0
29,234589,82,2036,3874,27,82,17,0.0
30,234488,101,1908,4080,31,101,13,0.0
31,234409,79,1813,4275,32,79,11,0.0
32,234295,114,1675,4487,37,114,4,0.0
33,234209,86,1614,4656,43,86,12,0.0
34,234097,112,1524,4832,43,112,5,0.0
35,233989,108,1484,4979,48,108,8,0.0
36,233893,96,1429,5137,53,96,10,0.0
37,233778,115,1389,5270,56,115,4,0.0
38,233673,105,1364,5407,59,105,3,0.0
39,233565,108,1343,5530,62,108,3,0.0
40,233472,93,1337,5643,63,93,3,0.0
41,233372,100,1318,5754,64,100,2,0.0
42,233256,116,1308,5863,65,116,6,0.0
43,233135,121,1336,5949,67,121,9,0.0
44,233032,103,1376,6028,69,103,8,0.0
45,232905,127,1381,6121,74,127,2,0.0
46,232786,119,1409,6219,75,119,7,0.0
47,232679,107,1436,6308,78,107,7,0.0
48,232559,120,1436,6415,78,120,3,0.0
49,232423,136,1467,6503,79,136,7,0.0
50,232281,142,1489,6617,79,142,5,0.0
51,232155,126,1517,6729,81,126,14,0.0
52,232026,129,1538,6830,85,129,4,0.0
53,231892,134,1569,6927,86,134,9,0.0
54,231759,133,1601,7028,87,133,10,0.0
55,231639,120,1622,7138,89,120,5,0.0
56,231495,144,1634,7246,89,144,4,0.0
57,231358,137,1686,7334,93,137,4,0.0
58,231207,151,1722,7435,93,151,5,0.0
59,231053,154,1743,7562,96,154,5,0.0
60,230925,128,1771,7685,99,128,9,0.0
61,230785,140,1771,7810,102,140,7,0.0
62,230638,147,1791,7930,102,147,9,0.0
63,230500,138,1800,8067,103,138,6,0.0
64,230335,165,1810,8193,105,165,9,0.0
65,230179,156,1857,8311,105,156,4,0.0
66,230013,166,1864,8459,106,166,5,0.0
67,229839,174,1913,8574,108,174,11,0.0
68,229678,161,1963,8698,108,161,6,0.0
69,229486,192,1997,8822,111,192,6,0.0
70,229326,160,2038,8971,113,160,6,0.0
71,229143,183,2051,9115,116,183,9,0.0
72,228970,173,2095,9253,117,173,7,0.0
73,228787,183,2137,9383,118,183,4,0.0
74,228613,174,2164,9539,118,174,7,0.0
75,228419,194,2203,9674,118,194,8,0.0
76,228253,166,2242,9826,121,166,12,0.0
77,228067,186,2265,9968,122,186,10,0.0
78,227797,270,2305,10111,125,270,8,0.0
79,227551,246,2429,10256,126,246,9,0.0
80,227315,236,2517,10413,127,236,9,0.0
81,227067,248,2598,10566,129,248,6,0.0
82,226782,285,2673,10737,131,285,10,0.0
83,226515,267,2787,10907,132,267,12,0.0
84,226254,261,2873,11084,136,261,11,0.0
85,225957,297,2965,11252,137,297,12,0.0
86,225651,306,3065,11449,137,306,8,0.0
87,225372,279,3182,11637,138,279,11,0.0
88,225072,300,3247,11848,141,300,8,0.0
89,224796,276,3330,12062,144,276,16,0.0
90,224506,290,3427,12240,145,290,7,0.0
91,224218,288,3498,12457,147,288,9,0.0
92,223913,305,3570,12673,147,305,15,0.0
93,223618,295,3648,12896,151,295,9,0.0
94,223313,305,3709,13129,152,305,15,0.0
95,223006,307,3733,13406,156,307,19,0.0
96,222687,319,3770,13673,159,319,9,0.0
97,222414,273,3843,13917,161,273,10,0.0
98,222120,294,3823,14207,164,294,16,0.0
99,221808,312,3808,14514,166,312,10,0.0
100,221466,342,3837,14794,169,342,12,0.0
101,221095,371,3918,15047,177,371,8,0.0
102,220768,327,4022,15312,179,327,4,0.0
103,220425,343,4060,15601,179,343,16,0.0
104,220095,330,4134,15866,183,330,10,0.0
105,219779,316,4175,16155,183,316,12,0.0
106,219425,354,4209,16433,187,354,11,0.0
107,219073,352,4255,16738,190,352,7,0.0
108,218733,340,4312,17031,192,340,9,0.0
109,218365,368,4351,17332,192,368,11,0.0
110,218013,352,4391,17656,196,352,11,0.0
111,217636,377,4433,17962,200,377,10,0.0
112,217316,320,4489,18283,200,320,8,0.0
113,216930,386,4460,18629,203,386,11,0.0
114,216575,355,4545,18930,203,355,10,0.0
115,216255,320,4589,19240,204,320,15,0.0
116,215938,317,4558,19589,206,317,8,0.0
117,215553,385,4562,19901,207,385,15,0.0
118,215178,375,4635,20211,209,375,15,0.0
119,214830,348,4666,20550,214,348,16,0.0
120,214461,369,4644,20917,217,369,11,0.0
121,214129,332,4671,21256,220,332,15,0.0
122,213753,376,4694,21564,221,376,16,0.0
123,213337,416,4716,21915,224,416,13,0.0
124,212989,348,4783,22260,228,348,14,0.0
125,212641,348,4775,22610,234,348,23,0.0
126,212292,349,4773,22956,238,349,17,0.0
127,211940,352,4754,23323,239,352,19,0.0
128,211571,369,4725,23699,244,369,13,0.0
129,211188,383,4738,24052,247,383,23,0.0
130,210823,365,4763,24409,248,365,19,0.0
131,210452,371,4772,24762,251,371,11,0.0
132,210062,390,4786,25115,255,390,12,0.0
133,209697,365,4830,25458,258,365,16,0.0
134,209334,363,4846,25800,265,363,21,0.0
135,208962,372,4863,26146,265,372,15,0.0
136,208587,375,4863,26512,271,375,22,0.0
137,208163,424,4877,26872,272,424,16,0.0
138,207757,406,4956,27214,275,406,21,0.0
139,207381,376,5005,27563,283,376,20,0.0
140,207023,358,5022,27919,286,358,20,0.0
141,206643,380,4996,28301,288,380,22,0.0
142,206237,406,5029,28641,295,406,19,0.0
143,205800,437,5041,29032,298,437,16,0.0
144,205390,410,5083,29423,302,410,17,0.0
145,204988,402,5124,29791,303,402,8,0.0
146,204585,403,5171,30142,307,403,20,0.0
147,204175,410,5200,30512,311,410,17,0.0
148,203733,442,5236,30882,315,442,18,0.0
149,203355,378,5285,31272,318,378,16,0.0
150,202944,411,5274,31652,327,411,19,0.0
151,202506,438,5295,32037,332,438,16,0.0
152,202100,406,5340,32424,338,406,21,0.0
153,201672,428,5397,32771,340,428,15,0.0
154,201289,383,5448,33147,341,383,17,0.0
155,200865,424,5427,33544,348,424,22,0.0
156,200479,386,5484,33909,350,386,18,0.0
157,200101,378,5463,34308,358,378,26,0.0
158,199630,471,5412,34733,362,471,15,0.0
159,199183,447,5482,35129,367,447,11,0.0
160,198715,468,5475,35580,370,468,24,0.0
161,198276,439,5538,35977,378,439,25,0.0
162,197802,474,5587,36361,384,474,16,0.0
163,197348,454,5689,36725,392,454,17,0.0
164,196890,458,5731,37131,398,458,18,0.0
165,196421,469,5756,37560,402,469,15,0.0
166,195961,460,5802,37977,408,460,18,0.0
167,195545,416,5844,38386,417,416,16,0.0
168,195097,448,5817,38825,421,448,15,0.0
169,194674,423,5897,39191,423,423,27,0.0
170,194198,476,5901,39609,424,476,18,0.0
171,193784,414,5959,40025,426,414,25,0.0
172,193328,456,5950,40442,432,456,25,0.0
173,192885,443,5969,40877,434,443,20,0.0
174,192457,428,5996,41290,437,428,16,0.0
175,191973,484,5979,41729,443,484,16,0.0
176,191457,516,5974,42214,447,516,19,0.0
177,190992,465,6030,42667,454,465,23,0.0
178,190548,444,6021,43136,459,444,19,0.0
179,190106,442,5989,43608,463,442,19,0.0
180,189663,443,6025,44009,468,443,24,0.0
