#time,susceptible,exposed,infectious,recovered,dead,num infections today,num hospitalisations today,num hospitalisations today (data)
-29,317567,425,0,0,0,0,0,0.0
-28,317567,425,0,0,0,0,0,0.0
-27,317567,425,0,0,0,0,0,0.0
-26,317567,425,0,0,0,0,0,0.0
-25,317567,425,0,0,0,0,0,0.0
-24,317567,425,0,0,0,0,0,0.0
-23,317567,425,0,0,0,0,0,0.0
-22,317567,425,0,0,0,0,0,0.0
-21,317567,425,0,0,0,0,0,0.0
-20,317567,374,51,0,0,0,0,0.0
-19,317567,374,51,0,0,0,0,0.0
-18,317566,358,68,0,0,1,0,0.0
-17,317565,341,86,0,0,1,0,0.0
-16,317562,326,104,0,0,3,0,0.0
-15,317560,308,124,0,0,2,0,0.0
-14,317556,259,176,1,0,4,0,0.0
-13,317552,174,265,1,0,4,0,0.0
-12,317545,109,333,5,0,7,1,0.0
-11,317535,78,363,16,0,10,1,0.0
-10,317519,16,439,18,0,16,0,0.0
-9,317490,29,442,31,0,29,0,0.0
-8,317451,39,460,42,0,39,1,0.0
-7,317425,26,485,56,0,26,0,0.0
-6,317391,34,494,73,0,34,3,0.0
-5,317342,49,510,91,0,49,3,0.0
-4,317293,49,533,117,0,49,1,0.0
-3,317234,59,558,141,0,59,3,0.0
-2,317182,52,583,175,0,52,3,0.0
-1,317111,71,591,219,0,71,2,0.0
0,317016,95,610,271,0,95,0,40.0
1,316895,121,667,309,0,121,2,7.0
2,316810,85,743,353,1,85,1,10.0
3,316687,123,791,390,1,123,2,4.0
4,316545,142,864,439,2,142,3,3.0
5,316397,148,963,481,3,148,1,5.0
6,316222,175,1064,527,4,175,3,6.0
7,316017,205,1190,576,4,205,2,6.0
8,315786,231,1355,616,4,231,3,9.0
9,315532,254,1538,664,4,254,0,12.0
10,315218,314,1720,736,4,314,5,7.0
11,314882,336,1968,802,4,336,1,11.0
12,314540,342,2221,885,4,342,8,18.0
13,314142,398,2484,963,5,398,2,13.0
14,313738,404,2798,1047,5,404,2,27.0
15,313263,475,3102,1147,5,475,10,23.0
16,313001,262,3458,1266,5,262,8,33.0
17,312778,223,3588,1396,7,223,4,23.0
18,312548,230,3677,1530,7,230,9,35.0
19,312316,232,3729,1706,9,232,10,26.0
20,312086,230,3762,1904,10,230,11,23.0
21,311848,238,3771,2125,10,238,8,15.0
22,311611,237,3766,2367,11,237,3,1.0
23,311537,74,3738,2632,11,74,9,0.0
24,311468,69,3561,2883,11,69,13,0.0
25,311386,82,3303,3208,13,82,6,0.0
26,311307,79,3079,3514,13,79,8,0.0
27,311218,89,2842,3830,13,89,14,0.0
28,311123,95,2623,4137,14,95,11,0.0
29,311031,92,2411,4438,20,92,7,0.0
30,310942,89,2228,4711,22,89,9,0.0
31,310851,91,2045,4982,23,91,12,0.0
32,310755,96,1872,5244,25,96,8,0.0
33,310663,92,1715,5492,30,92,5,0.0
34,310548,115,1607,5691,31,115,8,0.0
35,310447,101,1529,5884,31,101,15,0.0
36,310333,114,1469,6041,35,114,3,0.0
37,310225,108,1448,6175,36,108,4,0.0
38,310077,148,1408,6319,40,148,7,0.0
39,309966,111,1425,6449,41,111,5,0.0
40,309862,104,1409,6574,43,104,5,0.0
41,309744,118,1390,6695,45,118,9,0.0
42,309626,118,1418,6785,45,118,3,0.0
43,309527,99,1433,6887,46,99,6,0.0
44,309405,122,1420,6996,49,122,4,0.0
45,309273,132,1445,7093,49,132,10,0.0
46,309140,133,1468,7202,49,133,3,0.0
47,308999,141,1521,7282,49,141,4,0.0
48,308884,115,1564,7379,50,115,3,0.0
49,308757,127,1559,7496,53,127,5,0.0
50,308613,144,1575,7606,54,144,6,0.0
51,308481,132,1614,7708,57,132,4,0.0
52,308343,138,1628,7825,58,138,8,0.0
53,308200,143,1654,7936,59,143,5,0.0
54,308055,145,1693,8039,60,145,7,0.0
55,307919,136,1705,8170,62,136,9,0.0
56,307761,158,1719,8291,63,158,4,0.0
57,307615,146,1762,8405,64,146,5,0.0
58,307469,146,1794,8517,66,146,6,0.0
59,307323,146,1824,8633,66,146,4,0.0
60,307177,146,1844,8757,68,146,9,0.0
61,307031,146,1871,8875,69,146,7,0.0
62,306880,151,1859,9033,69,151,13,0.0
63,306440,440,1872,9171,69,440,6,0.0
64,305957,483,2166,9317,69,483,8,0.0
65,305505,452,2523,9441,71,452,6,0.0
66,305019,486,2829,9584,74,486,5,0.0
67,304523,496,3186,9711,76,496,7,0.0
68,304047,476,3545,9846,78,476,9,0.0
69,303579,468,3885,9979,81,468,6,0.0
70,303091,488,4204,10126,83,488,10,0.0
71,302549,542,4525,10291,85,542,11,0.0
72,302030,519,4904,10454,85,519,8,0.0
73,301483,547,5241,10636,85,547,8,0.0
74,300898,585,5560,10863,86,585,19,0.0
75,300312,586,5897,11108,89,586,17,0.0
76,299691,621,6180,11409,91,621,11,0.0
77,299105,586,6478,11731,92,586,17,0.0
78,298480,625,6694,12100,93,625,27,0.0
79,297851,629,6911,12504,97,629,23,0.0
80,297236,615,7097,12946,98,615,32,0.0
81,296536,700,7256,13401,99,700,34,0.0
82,295898,638,7499,13855,102,638,21,0.0
83,295201,697,7683,14303,108,697,27,0.0
84,294501,700,7882,14799,110,700,23,0.0
85,293782,719,8086,15294,111,719,37,0.0
86,293061,721,8263,15829,118,721,24,0.0
87,292350,711,8442,16365,124,711,33,0.0
88,291565,785,8587,16924,131,785,24,0.0
89,290730,835,8837,17452,138,835,34,0.0
90,289963,767,9103,18011,148,767,28,0.0
91,289105,858,9227,18643,159,858,23,0.0
92,288251,854,9485,19237,165,854,26,0.0
93,287411,840,9698,19869,174,840,45,0.0
94,286526,885,9905,20493,183,885,34,0.0
95,285569,957,10111,21166,189,957,48,0.0
96,284622,947,10409,21819,195,947,25,0.0
97,283722,900,10709,22463,198,900,34,0.0
98,282765,957,10898,23170,202,957,49,0.0
99,281785,980,11119,23901,207,980,40,0.0
100,280815,970,11360,24631,216,970,36,0.0
101,279842,973,11564,25387,226,973,43,0.0
102,278831,1011,11802,26116,232,1011,39,0.0
103,277812,1019,12018,26897,246,1019,55,0.0
104,276800,1012,12251,27676,253,1012,45,0.0
105,275765,1035,12421,28510,261,1035,47,0.0
106,274714,1051,12639,29322,266,1051,48,0.0
107,273681,1033,12843,30161,274,1033,45,0.0
108,272582,1099,12955,31070,286,1099,54,0.0
109,271476,1106,13131,31984,295,1106,45,0.0
110,270381,1095,13343,32867,306,1095,37,0.0
111,269306,1075,13472,33825,314,1075,43,0.0
112,268188,1118,13634,34730,322,1118,50,0.0
113,267055,1133,13812,35656,336,1133,36,0.0
114,265841,1214,13977,36616,344,1214,52,0.0
115,264676,1165,14227,37567,357,1165,59,0.0
116,263538,1138,14376,38576,364,1138,52,0.0
117,262344,1194,14526,39557,371,1194,49,0.0
118,261125,1219,14686,40580,382,1219,57,0.0
119,259907,1218,14852,41621,394,1218,60,0.0
120,258725,1182,15034,42647,404,1182,50,0.0
121,257600,1125,15149,43704,414,1125,47,0.0
122,256368,1232,15233,44738,421,1232,51,0.0
123,255127,1241,15397,45795,432,1241,52,0.0
124,253901,1226,15551,46873,441,1226,69,0.0
125,252686,1215,15696,47942,453,1215,59,0.0
126,251389,1297,15813,49031,462,1297,59,0.0
127,250124,1265,15950,50181,472,1265,57,0.0
128,248838,1286,16029,51360,479,1286,49,0.0
129,247567,1271,16088,52568,498,1271,71,0.0
130,246281,1286,16199,53716,510,1286,62,0.0
131,245057,1224,16359,54828,524,1224,65,0.0
132,243804,1253,16423,55976,536,1253,68,0.0
133,242564,1240,16490,57146,552,1240,67,0.0
134,241201,1363,16495,58363,570,1363,50,0.0
135,239888,1313,16677,59522,592,1313,60,0.0
136,238567,1321,16750,60753,601,1321,57,0.0
137,237248,1319,16884,61930,611,1319,54,0.0
138,235983,1265,16929,63195,620,1265,74,0.0
139,234689,1294,16936,64437,636,1294,72,0.0
140,233384,1305,17013,65643,647,1305,61,0.0
141,232076,1308,17018,66924,666,1308,62,0.0
142,230752,1324,17059,68172,685,1324,80,0.0
143,229432,1320,17142,69398,700,1320,64,0.0
144,228115,1317,17234,70611,715,1317,70,0.0
145,226796,1319,17223,71924,730,1319,68,0.0
146,225395,1401,17306,73148,742,1401,64,0.0
147,224085,1310,17447,74393,757,1310,82,0.0
148,222777,1308,17497,75642,768,1308,63,0.0
149,221450,1327,17528,76908,779,1327,68,0.0
150,220110,1340,17537,78216,789,1340,65,0.0
151,218772,1338,17601,79468,813,1338,63,0.0
152,217475,1297,17662,80726,832,1297,71,0.0
153,216089,1386,17638,82030,849,1386,67,0.0
154,214770,1319,17710,83331,862,1319,61,0.0
155,213455,1315,17734,84616,872,1315,70,0.0
156,212156,1299,17700,85946,891,1299,73,0.0
157,210838,1318,17672,87259,905,1318,54,0.0
158,209582,1256,17651,88578,925,1256,78,0.0
159,208311,1271,17557,89912,941,1271,62,0.0
160,207014,1297,17493,91231,957,1297,67,0.0
161,205674,1340,17458,92546,974,1340,58,0.0
162,204346,1328,17509,93817,992,1328,80,0.0
163,203019,1327,17492,95145,1009,1327,51,0.0
164,201664,1355,17549,96394,1030,1355,65,0.0
165,200339,1325,17614,97670,1044,1325,49,0.0
166,199070,1269,17621,98975,1057,1269,58,0.0
167,197718,1352,17534,100308,1080,1352,56,0.0
168,196401,1317,17540,101635,1099,1317,83,0.0
169,195158,1243,17483,102995,1113,1243,65,0.0
170,193912,1246,17448,104265,1121,1246,85,0.0
171,192657,1255,17369,105572,1139,1255,59,0.0
172,191402,1255,17339,106846,1150,1255,64,0.0
173,190158,1244,17256,108170,1164,1244,66,0.0
174,188900,1258,17221,109435,1178,1258,50,0.0
175,187682,1218,17130,110774,1188,1218,67,0.0
176,186455,1227,17026,112073,1211,1227,72,0.0
177,185135,1320,16965,113348,1224,1320,57,0.0
178,183928,1207,17010,114608,1239,1207,75,0.0
179,182695,1233,16880,115931,1253,1233,57,0.0
180,181474,1221,16861,117172,1264,1221,73,0.0
