#time,susceptible,exposed,infectious,recovered,dead,num infections today,num hospitalisations today,num hospitalisations today (data)
-29,317083,425,0,0,0,0,0,0.0
-28,317083,425,0,0,0,0,0,0.0
-27,317083,425,0,0,0,0,0,0.0
-26,317083,425,0,0,0,0,0,0.0
-25,317083,425,0,0,0,0,0,0.0
-24,317083,425,0,0,0,0,0,0.0
-23,317083,425,0,0,0,0,0,0.0
-22,317083,425,0,0,0,0,0,0.0
-21,317083,425,0,0,0,0,0,0.0
-20,317083,425,0,0,0,0,0,0.0
-19,317083,425,0,0,0,0,0,0.0
-18,317083,425,0,0,0,0,0,0.0
-17,317083,425,0,0,0,0,0,0.0
-16,317083,374,51,0,0,0,0,0.0
-15,317082,375,51,0,0,1,0,0.0
-14,317082,358,68,0,0,0,0,0.0
-13,317081,342,85,0,0,1,0,0.0
-12,317079,327,102,0,0,2,0,0.0
-11,317077,312,119,0,0,2,0,0.0
-10,317071,266,171,0,0,6,1,0.0
-9,317063,189,256,0,0,8,0,0.0
-8,317059,124,325,0,0,4,2,0.0
-7,317050,97,311,50,0,9,1,0.0
-6,317033,44,381,50,0,17,0,0.0
-5,317015,56,372,65,0,18,1,0.0
-4,316995,68,364,81,0,20,1,0.0
-3,316970,89,351,98,0,25,4,0.0
-2,316939,111,344,114,0,31,2,0.0
-1,316896,137,310,165,0,43,2,0.0
0,316859,156,247,246,0,37,6,40.0
1,316821,174,199,314,0,38,0,7.0
2,316787,183,190,348,0,34,0,10.0
3,316748,191,157,412,0,39,1,4.0
4,316696,200,194,418,0,52,1,3.0
5,316641,218,223,426,0,55,3,5.0
6,316595,226,257,430,0,46,3,6.0
7,316539,248,283,438,0,56,1,6.0
8,316462,286,307,453,0,77,2,9.0
9,316396,300,344,468,0,66,1,12.0
10,316321,320,380,487,0,75,5,7.0
11,316239,356,403,510,0,82,5,11.0
12,316151,388,429,540,0,88,2,18.0
13,316070,392,467,579,0,81,3,13.0
14,315968,428,500,612,0,102,1,27.0
15,315847,474,538,649,0,121,4,23.0
16,315781,458,589,680,0,66,1,33.0
17,315714,437,638,719,0,67,0,23.0
18,315643,427,670,768,0,71,1,35.0
19,315567,401,718,822,0,76,3,26.0
20,315491,356,792,869,0,76,3,23.0
21,315396,385,802,925,0,95,4,15.0
22,315293,421,791,1003,0,103,5,1.0
23,315276,367,797,1068,0,17,3,0.0
24,315260,307,801,1140,0,16,3,0.0
25,315237,254,794,1223,0,23,4,0.0
26,315214,182,804,1308,0,23,5,0.0
27,315194,99,829,1386,0,20,1,0.0
28,315174,102,747,1485,0,20,1,0.0
29,315147,113,647,1601,0,27,1,0.0
30,315133,104,603,1668,0,14,3,0.0
31,315118,96,556,1738,0,15,1,0.0
32,315083,111,505,1809,0,35,1,0.0
33,315067,107,449,1884,1,16,0,0.0
34,315038,109,400,1960,1,29,3,0.0
35,315013,120,314,2060,1,25,1,0.0
36,314989,129,221,2168,1,24,2,0.0
37,314960,123,239,2185,1,29,1,0.0
38,314937,130,238,2202,1,23,1,0.0
39,314911,127,244,2225,1,26,1,0.0
40,314882,131,244,2250,1,29,1,0.0
41,314860,129,248,2270,1,22,0,0.0
42,314830,130,258,2289,1,30,0,0.0
43,314802,135,254,2316,1,28,3,0.0
44,314779,132,263,2333,1,23,0,0.0
45,314756,126,274,2351,1,23,2,0.0
46,314724,136,260,2387,1,32,2,0.0
47,314702,128,270,2407,1,22,0,0.0
48,314672,130,268,2437,1,30,0,0.0
49,314645,134,265,2463,1,27,1,0.0
50,314613,143,260,2491,1,32,0,0.0
51,314589,135,259,2524,1,24,1,0.0
52,314556,146,257,2548,1,33,3,0.0
53,314519,153,261,2574,1,37,0,0.0
54,314489,156,259,2603,1,30,0,0.0
55,314454,159,269,2625,1,35,1,0.0
56,314416,173,262,2656,1,38,0,0.0
57,314383,173,266,2685,1,33,1,0.0
58,314341,178,281,2707,1,42,1,0.0
59,314301,188,285,2733,1,40,2,0.0
60,314277,177,288,2765,1,24,2,0.0
61,314247,169,303,2788,1,30,4,0.0
62,314213,170,307,2817,1,34,1,0.0
63,314179,162,323,2843,1,34,0,0.0
64,314148,153,334,2872,1,31,2,0.0
65,314104,173,334,2896,1,44,1,0.0
66,314067,180,331,2929,1,37,1,0.0
67,314024,189,330,2964,1,43,6,0.0
68,314000,179,333,2995,1,24,2,0.0
69,313962,186,330,3029,1,38,2,0.0
70,313923,181,340,3063,1,39,3,0.0
71,313878,189,345,3095,1,45,4,0.0
72,313833,191,348,3135,1,45,0,0.0
73,313789,211,335,3172,1,44,3,0.0
74,313745,217,351,3194,1,44,1,0.0
75,313696,227,360,3224,1,49,1,0.0
76,313651,227,372,3257,1,45,3,0.0
77,313600,233,381,3293,1,51,0,0.0
78,313557,232,395,3323,1,43,4,0.0
79,313504,241,397,3365,1,53,0,0.0
80,313456,240,408,3403,1,48,2,0.0
81,313411,240,414,3442,1,45,1,0.0
82,313376,224,440,3467,1,35,1,0.0
83,313325,232,446,3504,1,51,0,0.0
84,313270,234,458,3544,2,55,5,0.0
85,313225,231,460,3590,2,45,3,0.0
86,313182,229,456,3639,2,43,4,0.0
87,313132,244,451,3679,2,50,3,0.0
88,313071,254,461,3720,2,61,4,0.0
89,313032,238,469,3767,2,39,4,0.0
90,312975,250,472,3809,2,57,2,0.0
91,312921,261,468,3856,2,54,5,0.0
92,312879,253,474,3900,2,42,4,0.0
93,312821,250,482,3953,2,58,3,0.0
94,312604,428,476,3998,2,217,3,0.0
95,312413,562,489,4042,2,191,0,0.0
96,312222,699,506,4078,3,191,3,0.0
97,311999,880,499,4127,3,223,2,0.0
98,311766,1055,499,4185,3,233,3,0.0
99,311552,1052,672,4229,3,214,3,0.0
100,311334,1079,821,4271,3,218,3,0.0
101,311143,1079,962,4321,3,191,1,0.0
102,310909,1090,1127,4379,3,234,3,0.0
103,310680,1086,1321,4418,3,229,4,0.0
104,310435,1117,1479,4474,3,245,5,0.0
105,310205,1129,1644,4527,3,230,10,0.0
106,309947,1196,1796,4566,3,258,12,0.0
107,309699,1210,1976,4620,3,248,6,0.0
108,309412,1268,1998,4827,3,287,14,0.0
109,309144,1291,2059,5011,3,268,13,0.0
110,308808,1397,2101,5199,3,336,13,0.0
111,308564,1383,2147,5411,3,244,14,0.0
112,308236,1463,2172,5634,3,328,6,0.0
113,307896,1516,2254,5839,3,340,14,0.0
114,307538,1606,2313,6048,3,358,10,0.0
115,307191,1617,2463,6234,3,347,13,0.0
116,306842,1722,2482,6459,3,349,19,0.0
117,306482,1754,2585,6684,3,360,14,0.0
118,306091,1805,2690,6919,3,391,17,0.0
119,305716,1822,2833,7134,3,375,15,0.0
120,305311,1880,2936,7378,3,405,8,0.0
121,304893,1949,3050,7613,3,418,22,0.0
122,304463,2019,3134,7889,3,430,13,0.0
123,304064,2027,3260,8154,3,399,17,0.0
124,303603,2113,3316,8473,3,461,21,0.0
125,303153,2158,3486,8708,3,450,19,0.0
126,302686,2207,3592,9020,3,467,15,0.0
127,302177,2286,3698,9344,3,509,19,0.0
128,301688,2376,3752,9689,3,489,20,0.0
129,301208,2395,3876,10026,3,480,22,0.0
130,300710,2443,3987,10365,3,498,22,0.0
131,300192,2494,4100,10719,3,518,15,0.0
132,299636,2541,4233,11095,3,556,18,0.0
133,299093,2595,4355,11462,3,543,20,0.0
134,298518,2690,4431,11866,3,575,23,0.0
135,297946,2764,4515,12279,4,572,22,0.0
136,297370,2822,4608,12704,4,576,22,0.0
137,296812,2824,4783,13085,4,558,30,0.0
138,296227,2866,4872,13539,4,585,23,0.0
139,295680,2838,5009,13977,4,547,22,0.0
140,295027,2919,5132,14426,4,653,17,0.0
141,294379,2991,5204,14930,4,648,28,0.0
142,293744,3068,5282,15410,4,635,31,0.0
143,293155,3072,5387,15890,4,589,33,0.0
144,292535,3145,5447,16377,4,620,23,0.0
145,291913,3114,5604,16873,4,622,37,0.0
146,291237,3142,5702,17423,4,676,29,0.0
147,290532,3212,5805,17955,4,705,42,0.0
148,289824,3331,5836,18512,5,708,40,0.0
149,289163,3372,5892,19075,6,661,27,0.0
150,288502,3411,5956,19633,6,661,24,0.0
151,287821,3416,6095,20170,6,681,32,0.0
152,287141,3391,6221,20749,6,680,39,0.0
153,286404,3420,6384,21294,6,737,26,0.0
154,285658,3505,6403,21936,6,746,33,0.0
155,284951,3551,6433,22566,7,707,28,0.0
156,284230,3591,6487,23193,7,721,33,0.0
157,283527,3614,6590,23770,7,703,40,0.0
158,282827,3577,6714,24383,7,700,46,0.0
159,281996,3662,6847,24994,9,831,42,0.0
160,281210,3741,6897,25651,9,786,39,0.0
161,280407,3823,6936,26333,9,803,30,0.0
162,279665,3862,6945,27026,10,742,32,0.0
163,278904,3923,6999,27672,10,761,44,0.0
164,278087,3909,7177,28325,10,817,45,0.0
165,277278,3932,7298,28990,10,809,28,0.0
166,276431,3976,7442,29647,12,847,47,0.0
167,275620,4045,7462,30369,12,811,40,0.0
168,274818,4086,7474,31118,12,802,41,0.0
169,273995,4092,7606,31802,13,823,40,0.0
170,273176,4102,7696,32521,13,819,40,0.0
171,272288,4143,7851,33213,13,888,46,0.0
172,271430,4190,7960,33915,13,858,43,0.0
173,270531,4287,7933,34744,13,899,44,0.0
174,269709,4286,7987,35512,14,822,38,0.0
175,268830,4346,8020,36297,15,879,42,0.0
176,267954,4334,8181,37024,15,876,43,0.0
177,267106,4324,8279,37784,15,848,48,0.0
178,266165,4366,8377,38585,15,941,55,0.0
179,265294,4415,8399,39385,15,871,34,0.0
180,264418,4412,8450,40212,16,876,31,0.0
