#time,susceptible,exposed,infectious,recovered,dead,num infections today,num hospitalisations today,num hospitalisations today (data)
-29,317019,425,0,0,0,0,0,0.0
-28,317019,425,0,0,0,0,0,0.0
-27,317019,425,0,0,0,0,0,0.0
-26,317019,425,0,0,0,0,0,0.0
-25,317019,425,0,0,0,0,0,0.0
-24,317019,425,0,0,0,0,0,0.0
-23,317019,425,0,0,0,0,0,0.0
-22,317019,425,0,0,0,0,0,0.0
-21,317019,425,0,0,0,0,0,0.0
-20,317019,425,0,0,0,0,0,0.0
-19,317019,425,0,0,0,0,0,0.0
-18,317019,425,0,0,0,0,0,0.0
-17,317019,425,0,0,0,0,0,0.0
-16,317019,374,51,0,0,0,0,0.0
-15,317017,376,51,0,0,2,0,0.0
-14,317014,362,68,0,0,3,0,0.0
-13,317011,348,85,0,0,3,0,0.0
-12,317010,332,102,0,0,1,0,0.0
-11,317007,318,119,0,0,3,0,0.0
-10,316999,273,172,0,0,8,4,0.0
-9,316991,193,260,0,0,8,0,0.0
-8,316985,128,331,0,0,6,1,0.0
-7,316975,103,319,47,0,10,0,0.0
-6,316960,47,390,47,0,15,1,0.0
-5,316938,61,382,63,0,22,2,0.0
-4,316921,70,373,80,0,17,7,0.0
-3,316888,97,363,96,0,33,5,0.0
-2,316860,115,358,111,0,28,2,0.0
-1,316826,134,326,158,0,34,1,0.0
0,316793,145,265,241,0,33,4,40.0
1,316746,175,213,310,0,47,2,7.0
2,316698,190,212,344,0,48,0,10.0
3,316652,208,173,411,0,46,1,4.0
4,316607,219,200,418,0,45,0,3.0
5,316544,249,225,426,0,63,0,5.0
6,316487,259,267,431,0,57,1,6.0
7,316416,282,305,441,0,71,1,6.0
8,316337,315,336,456,0,79,1,9.0
9,316258,349,360,477,0,79,2,12.0
10,316157,387,407,493,0,101,2,7.0
11,316062,425,432,525,0,95,1,11.0
12,315986,430,477,551,0,76,1,18.0
13,315894,443,524,583,0,92,3,13.0
14,315779,479,570,615,1,115,5,27.0
15,315664,493,622,664,1,115,2,23.0
16,315611,451,671,710,1,53,1,33.0
17,315562,424,705,752,1,49,2,23.0
18,315490,404,754,795,1,72,1,35.0
19,315398,381,806,858,1,92,5,26.0
20,315330,334,865,914,1,68,4,23.0
21,315238,373,842,990,1,92,2,15.0
22,315139,423,811,1070,1,99,4,1.0
23,315123,367,805,1148,1,16,4,0.0
24,315104,294,797,1248,1,19,4,0.0
25,315076,254,770,1343,1,28,3,0.0
26,315047,191,788,1417,1,29,6,0.0
27,315021,118,799,1505,1,26,2,0.0
28,314993,130,702,1618,1,28,0,0.0
29,314972,132,610,1729,1,21,3,0.0
30,314942,134,586,1781,1,30,2,0.0
31,314927,120,565,1831,1,15,2,0.0
32,314901,120,522,1900,1,26,2,0.0
33,314880,113,459,1991,1,21,2,0.0
34,314856,116,412,2059,1,24,1,0.0
35,314829,113,350,2151,1,27,1,0.0
36,314806,121,267,2249,1,23,3,0.0
37,314774,127,276,2265,2,32,0,0.0
38,314751,129,277,2285,2,23,3,0.0
39,314724,132,272,2314,2,27,1,0.0
40,314698,131,268,2345,2,26,0,0.0
41,314672,134,266,2370,2,26,1,0.0
42,314650,124,269,2399,2,22,1,0.0
43,314616,135,270,2421,2,34,0,0.0
44,314597,127,264,2454,2,19,1,0.0
45,314573,125,273,2471,2,24,2,0.0
46,314544,128,272,2498,2,29,4,0.0
47,314510,140,270,2522,2,34,1,0.0
48,314480,136,278,2548,2,30,3,0.0
49,314447,150,270,2575,2,33,2,0.0
50,314411,162,269,2600,2,36,2,0.0
51,314378,166,263,2635,2,33,1,0.0
52,314344,166,274,2658,2,34,3,0.0
53,314318,162,279,2683,2,26,2,0.0
54,314280,167,283,2712,2,38,2,0.0
55,314249,162,294,2737,2,31,2,0.0
56,314206,172,305,2759,2,43,1,0.0
57,314161,183,306,2792,2,45,1,0.0
58,314126,192,312,2812,2,35,0,0.0
59,314087,193,326,2836,2,39,0,0.0
60,314041,208,328,2865,2,46,3,0.0
61,313996,210,335,2901,2,45,0,0.0
62,313961,200,350,2931,2,35,3,0.0
63,313928,198,352,2964,2,33,1,0.0
64,313887,200,354,3001,2,41,1,0.0
65,313853,188,370,3031,2,34,2,0.0
66,313815,181,381,3065,2,38,1,0.0
67,313782,179,390,3091,2,33,3,0.0
68,313740,188,387,3127,2,42,2,0.0
69,313704,183,397,3158,2,36,3,0.0
70,313663,190,390,3199,2,41,5,0.0
71,313613,202,381,3246,2,50,2,0.0
72,313572,210,381,3279,2,41,1,0.0
73,313533,207,386,3316,2,39,2,0.0
74,313494,210,377,3361,2,39,6,0.0
75,313455,208,372,3407,2,39,2,0.0
76,313408,205,388,3441,2,47,3,0.0
77,313358,214,399,3471,2,50,4,0.0
78,313176,357,396,3513,2,182,2,0.0
79,312995,499,401,3547,2,181,2,0.0
80,312829,626,403,3584,2,166,5,0.0
81,312655,753,417,3617,2,174,4,0.0
82,312490,868,426,3658,2,165,1,0.0
83,312315,861,576,3690,2,175,2,0.0
84,312136,859,720,3727,2,179,4,0.0
85,311971,858,834,3779,2,165,0,0.0
86,311796,859,969,3818,2,175,4,0.0
87,311598,892,1096,3856,2,198,3,0.0
88,311413,902,1231,3896,2,185,5,0.0
89,311221,915,1373,3933,2,192,11,0.0
90,311014,957,1492,3979,2,207,7,0.0
91,310803,993,1621,4025,2,211,6,0.0
92,310581,1017,1645,4199,2,222,13,0.0
93,310335,1078,1654,4375,2,246,8,0.0
94,310095,1126,1684,4537,2,240,12,0.0
95,309840,1174,1725,4703,2,255,9,0.0
96,309589,1214,1778,4861,2,251,15,0.0
97,309303,1278,1837,5024,2,286,8,0.0
98,309012,1323,1910,5197,2,291,10,0.0
99,308734,1361,1994,5352,3,278,11,0.0
100,308476,1364,2080,5521,3,258,8,0.0
101,308170,1419,2137,5715,3,306,15,0.0
102,307862,1441,2245,5893,3,308,7,0.0
103,307549,1463,2350,6079,3,313,12,0.0
104,307190,1544,2433,6274,3,359,13,0.0
105,306807,1669,2483,6482,3,383,11,0.0
106,306473,1697,2576,6695,3,334,9,0.0
107,306098,1764,2647,6932,3,375,17,0.0
108,305702,1847,2727,7164,4,396,15,0.0
109,305336,1854,2836,7414,4,366,19,0.0
110,304955,1852,2984,7649,4,381,17,0.0
111,304537,1936,3043,7924,4,418,17,0.0
112,304146,1952,3143,8199,4,391,21,0.0
113,303700,2002,3272,8465,5,446,14,0.0
114,303228,2108,3387,8716,5,472,11,0.0
115,302782,2173,3477,9007,5,446,13,0.0
116,302281,2256,3595,9307,5,501,24,0.0
117,301837,2309,3671,9622,5,444,22,0.0
118,301356,2344,3763,9976,5,481,21,0.0
119,300875,2353,3859,10352,5,481,15,0.0
120,300340,2442,3985,10672,5,535,17,0.0
121,299817,2464,4114,11044,5,523,25,0.0
122,299306,2531,4169,11433,5,511,25,0.0
123,298727,2629,4293,11790,5,579,20,0.0
124,298222,2653,4405,12158,6,505,20,0.0
125,297653,2687,4537,12561,6,569,23,0.0
126,297040,2777,4674,12947,6,613,23,0.0
127,296446,2860,4748,13384,6,594,35,0.0
128,295773,2954,4865,13846,6,673,22,0.0
129,295118,3104,4933,14283,6,655,21,0.0
130,294464,3189,5021,14763,7,654,25,0.0
131,293842,3198,5200,15196,8,622,29,0.0
132,293206,3240,5314,15675,9,636,30,0.0
133,292560,3213,5516,16145,10,646,23,0.0
134,291915,3203,5645,16671,10,645,33,0.0
135,291246,3218,5791,17179,10,669,20,0.0
136,290520,3322,5906,17686,10,726,26,0.0
137,289822,3384,5975,18252,11,698,38,0.0
138,289077,3483,6119,18753,12,745,38,0.0
139,288288,3627,6210,19307,12,789,29,0.0
140,287459,3787,6292,19893,13,829,31,0.0
141,286715,3805,6435,20475,14,744,27,0.0
142,285962,3860,6468,21140,14,753,40,0.0
143,285178,3899,6571,21782,14,784,45,0.0
144,284306,3982,6719,22423,14,872,41,0.0
145,283476,3983,6947,23023,15,830,39,0.0
146,282655,4060,7077,23637,15,821,42,0.0
147,281884,4078,7202,24265,15,771,32,0.0
148,281075,4103,7361,24890,15,809,37,0.0
149,280222,4084,7587,25535,16,853,32,0.0
150,279344,4132,7700,26252,16,878,58,0.0
151,278476,4179,7839,26933,17,868,38,0.0
152,277579,4305,7863,27679,18,897,41,0.0
153,276661,4414,7919,28432,18,918,49,0.0
154,275734,4488,7961,29243,18,927,45,0.0
155,274857,4487,8110,29972,18,877,43,0.0
156,273981,4495,8245,30705,18,876,51,0.0
157,273100,4479,8372,31475,18,881,36,0.0
158,272184,4477,8435,32329,19,916,41,0.0
159,271219,4515,8546,33145,19,965,45,0.0
160,270252,4605,8615,33952,20,967,43,0.0
161,269271,4710,8735,34707,21,981,55,0.0
162,268380,4720,8809,35513,22,891,28,0.0
163,267445,4739,8872,36366,22,935,38,0.0
164,266493,4726,8979,37222,24,952,52,0.0
165,265497,4755,9071,38096,25,996,53,0.0
166,264506,4765,9165,38982,26,991,33,0.0
167,263456,4924,9149,39889,26,1050,57,0.0
168,262469,4976,9161,40812,26,987,44,0.0
169,261461,5032,9229,41695,27,1008,48,0.0
170,260431,5066,9363,42557,27,1030,45,0.0
171,259413,5093,9478,43432,28,1018,56,0.0
172,258364,5092,9629,44331,28,1049,57,0.0
173,257344,5125,9662,45285,28,1020,49,0.0
174,256233,5228,9724,46231,28,1111,54,0.0
175,255158,5273,9776,47209,28,1075,60,0.0
176,254124,5289,9910,48092,29,1034,42,0.0
177,253029,5335,10037,49014,29,1095,50,0.0
178,251969,5375,10120,49950,30,1060,72,0.0
179,250912,5321,10237,50944,30,1057,53,0.0
180,249837,5321,10331,51925,30,1075,56,0.0
