#time,susceptible,exposed,infectious,recovered,dead,num infections today,num hospitalisations today,num hospitalisations today (data)
-29,316338,426,0,0,0,0,0,0.0
-28,316338,426,0,0,0,0,0,0.0
-27,316338,426,0,0,0,0,0,0.0
-26,316338,426,0,0,0,0,0,0.0
-25,316338,426,0,0,0,0,0,0.0
-24,316338,426,0,0,0,0,0,0.0
-23,316338,426,0,0,0,0,0,0.0
-22,316338,426,0,0,0,0,0,0.0
-21,316338,426,0,0,0,0,0,0.0
-20,316338,426,0,0,0,0,0,0.0
-19,316338,426,0,0,0,0,0,0.0
-18,316338,426,0,0,0,0,0,0.0
-17,316338,426,0,0,0,0,0,0.0
-16,316338,375,51,0,0,0,0,0.0
-15,316337,376,51,0,0,1,0,0.0
-14,316337,359,68,0,0,0,0,0.0
-13,316334,345,85,0,0,3,0,0.0
-12,316332,330,102,0,0,2,0,0.0
-11,316329,316,119,0,0,3,0,0.0
-10,316325,267,172,0,0,4,3,0.0
-9,316321,186,257,0,0,4,0,0.0
-8,316317,119,328,0,0,4,1,0.0
-7,316302,98,316,48,0,15,1,0.0
-6,316295,34,387,48,0,7,1,0.0
-5,316277,48,375,64,0,18,2,0.0
-4,316254,67,363,80,0,23,6,0.0
-3,316232,85,351,96,0,22,6,0.0
-2,316199,103,351,111,0,33,5,0.0
-1,316166,129,311,158,0,33,2,0.0
0,316133,144,250,237,0,33,4,40.0
1,316103,151,207,303,0,30,0,7.0
2,316055,177,195,337,0,48,0,10.0
3,316008,191,161,404,0,47,1,4.0
4,315967,199,190,408,0,41,1,3.0
5,315919,214,219,412,0,48,0,5.0
6,315866,237,245,416,0,53,3,6.0
7,315812,243,279,430,0,54,1,6.0
8,315754,254,318,437,1,58,1,9.0
9,315686,281,342,454,1,68,3,12.0
10,315613,306,368,476,1,73,1,7.0
11,315551,315,400,497,1,62,2,11.0
12,315485,327,423,528,1,66,1,18.0
13,315416,338,449,560,1,69,2,13.0
14,315331,355,486,591,1,85,1,27.0
15,315233,380,528,622,1,98,0,23.0
16,315196,355,544,668,1,37,1,33.0
17,315149,336,563,715,1,47,2,23.0
18,315098,318,590,757,1,51,3,35.0
19,315055,276,627,805,1,43,3,26.0
20,314998,235,672,858,1,57,3,23.0
21,314940,256,652,915,1,58,4,15.0
22,314880,269,639,975,1,60,3,1.0
23,314864,234,620,1045,1,16,0,0.0
24,314838,217,592,1116,1,26,2,0.0
25,314820,178,588,1177,1,18,2,0.0
26,314810,130,580,1243,1,10,3,0.0
27,314790,90,572,1311,1,20,0,0.0
28,314769,95,505,1394,1,21,3,0.0
29,314748,90,434,1491,1,21,1,0.0
30,314726,94,415,1528,1,22,0,0.0
31,314699,111,378,1575,1,27,1,0.0
32,314679,111,347,1626,1,20,2,0.0
33,314657,112,324,1670,1,22,1,0.0
34,314638,110,286,1729,1,19,2,0.0
35,314618,108,251,1786,1,20,0,0.0
36,314595,104,217,1847,1,23,0,0.0
37,314567,112,222,1862,1,28,2,0.0
38,314546,111,216,1890,1,21,1,0.0
39,314515,123,216,1909,1,31,1,0.0
40,314490,128,227,1918,1,25,2,0.0
41,314467,128,230,1938,1,23,2,0.0
42,314442,125,236,1960,1,25,0,0.0
43,314419,127,235,1982,1,23,1,0.0
44,314387,128,243,2005,1,32,1,0.0
45,314361,129,239,2034,1,26,1,0.0
46,314331,136,237,2058,2,30,0,0.0
47,314314,128,238,2082,2,17,1,0.0
48,314289,130,243,2100,2,25,1,0.0
49,314264,123,253,2122,2,25,2,0.0
50,314233,128,255,2146,2,31,0,0.0
51,314212,119,255,2176,2,21,0,0.0
52,314190,124,253,2195,2,22,0,0.0
53,314158,131,245,2228,2,32,2,0.0
54,314128,136,244,2254,2,30,1,0.0
55,314098,135,252,2277,2,30,0,0.0
56,314062,150,250,2300,2,36,0,0.0
57,314039,151,248,2324,2,23,2,0.0
58,314011,147,247,2357,2,28,0,0.0
59,313979,149,250,2384,2,32,1,0.0
60,313953,145,252,2412,2,26,0,0.0
61,313924,138,271,2429,2,29,3,0.0
62,313902,137,269,2454,2,22,1,0.0
63,313870,141,271,2480,2,32,2,0.0
64,313840,139,274,2509,2,30,2,0.0
65,313802,151,278,2531,2,38,2,0.0
66,313773,151,285,2553,2,29,1,0.0
67,313737,165,277,2583,2,36,0,0.0
68,313714,156,280,2612,2,23,1,0.0
69,313676,164,280,2642,2,38,2,0.0
70,313641,161,281,2679,2,35,2,0.0
71,313602,171,288,2701,2,39,4,0.0
72,313571,166,297,2728,2,31,1,0.0
73,313527,187,289,2759,2,44,0,0.0
74,313482,194,302,2784,2,45,2,0.0
75,313443,198,309,2812,2,39,2,0.0
76,313406,196,326,2834,2,37,2,0.0
77,313360,211,327,2864,2,46,3,0.0
78,313333,194,341,2894,2,27,2,0.0
79,313303,179,349,2931,2,30,0,0.0
80,313255,188,362,2957,2,48,3,0.0
81,313219,187,365,2991,2,36,1,0.0
82,313177,183,386,3016,2,42,3,0.0
83,313138,195,376,3053,2,39,2,0.0
84,313097,206,371,3088,2,41,1,0.0
85,313054,201,383,3124,2,43,1,0.0
86,313011,208,386,3157,2,43,1,0.0
87,312975,202,384,3201,2,36,2,0.0
88,312939,199,377,3247,2,36,1,0.0
89,312899,198,378,3287,2,40,1,0.0
90,312843,211,385,3323,2,56,3,0.0
91,312791,220,382,3369,2,52,2,0.0
92,312744,231,392,3395,2,47,2,0.0
93,312700,239,400,3423,2,44,3,0.0
94,312472,427,392,3471,2,228,1,0.0
95,312213,630,412,3507,2,259,0,0.0
96,311946,845,419,3552,2,267,1,0.0
97,311690,1054,427,3591,2,256,4,0.0
98,311434,1266,430,3632,2,256,0,0.0
99,311134,1338,616,3674,2,300,2,0.0
100,310868,1345,834,3715,2,266,4,0.0
101,310594,1352,1063,3753,2,274,3,0.0
102,310303,1387,1282,3790,2,291,2,0.0
103,310000,1434,1500,3828,2,303,2,0.0
104,309698,1436,1747,3881,2,302,0,0.0
105,309352,1516,1959,3935,2,346,15,0.0
106,309002,1592,2187,3981,2,350,18,0.0
107,308627,1676,2431,4028,2,375,7,0.0
108,308247,1753,2519,4243,2,380,10,0.0
109,307804,1894,2578,4486,2,443,13,0.0
110,307324,2028,2663,4747,2,480,19,0.0
111,306814,2188,2766,4994,2,510,16,0.0
112,306322,2305,2898,5237,2,492,9,0.0
113,305812,2435,2996,5519,2,510,14,0.0
114,305281,2523,3187,5771,2,531,19,0.0
115,304669,2655,3398,6040,2,612,18,0.0
116,304035,2779,3629,6319,2,634,23,0.0
117,303417,2905,3833,6607,2,618,17,0.0
118,302743,3069,4055,6894,3,674,21,0.0
119,302025,3256,4259,7221,3,718,14,0.0
120,301273,3396,4538,7554,3,752,26,0.0
121,300470,3565,4818,7908,3,803,32,0.0
122,299604,3813,5065,8279,3,866,28,0.0
123,298733,4010,5319,8699,3,871,28,0.0
124,297839,4186,5586,9150,3,894,32,0.0
125,296964,4309,5847,9641,3,875,30,0.0
126,295992,4478,6181,10110,3,972,35,0.0
127,294942,4662,6563,10594,3,1050,42,0.0
128,293864,4869,6929,11099,3,1078,24,0.0
129,292837,5002,7242,11680,3,1027,41,0.0
130,291751,5213,7506,12291,3,1086,56,0.0
131,290639,5353,7864,12905,3,1112,41,0.0
132,289495,5447,8272,13547,3,1144,39,0.0
133,288304,5560,8676,14220,4,1191,50,0.0
134,287076,5761,8979,14944,4,1228,52,0.0
135,285726,6025,9280,15729,4,1350,48,0.0
136,284411,6228,9553,16567,5,1315,41,0.0
137,283038,6457,9866,17398,5,1373,68,0.0
138,281662,6642,10195,18260,5,1376,49,0.0
139,280156,6920,10567,19115,6,1506,60,0.0
140,278617,7109,10993,20039,6,1539,58,0.0
141,277191,7220,11287,21057,9,1426,60,0.0
142,275617,7421,11622,22095,9,1574,47,0.0
143,273971,7691,12009,23084,9,1646,61,0.0
144,272336,7820,12474,24125,9,1635,56,0.0
145,270581,8036,12923,25214,10,1755,68,0.0
146,268855,8336,13232,26331,10,1726,64,0.0
147,267143,8474,13641,27496,10,1712,63,0.0
148,265281,8690,14097,28685,11,1862,74,0.0
149,263437,8899,14414,30003,11,1844,79,0.0
150,261568,9013,14884,31288,11,1869,96,0.0
151,259744,9111,15281,32617,11,1824,67,0.0
152,257868,9275,15653,33957,11,1876,82,0.0
153,255939,9342,16074,35396,13,1929,97,0.0
154,253978,9459,16401,36912,14,1961,80,0.0
155,252000,9568,16864,38316,16,1978,78,0.0
156,249983,9761,17169,39835,16,2017,108,0.0
157,247963,9905,17435,41444,17,2020,87,0.0
158,245831,10108,17749,43057,19,2132,103,0.0
159,243749,10229,18006,44759,21,2082,91,0.0
160,241669,10331,18298,46445,21,2080,85,0.0
161,239533,10450,18662,48098,21,2136,111,0.0
162,237464,10499,18844,49934,23,2069,105,0.0
163,235242,10589,19164,51745,24,2222,89,0.0
164,233074,10675,19425,53563,27,2168,106,0.0
165,230909,10760,19718,55349,28,2165,133,0.0
166,228793,10740,20004,57197,30,2116,86,0.0
167,226572,10892,20195,59075,30,2221,105,0.0
168,224326,10916,20525,60966,31,2246,118,0.0
169,222061,11013,20752,62906,32,2265,127,0.0
170,219777,11132,20935,64888,32,2284,101,0.0
171,217467,11326,21089,66848,34,2310,112,0.0
172,215256,11316,21237,68921,34,2211,102,0.0
173,212965,11361,21429,70973,36,2291,115,0.0
174,210663,11398,21642,73025,36,2302,133,0.0
175,208358,11419,21795,75154,38,2305,115,0.0
176,206087,11380,22081,77178,38,2271,95,0.0
177,203769,11487,22113,79355,40,2318,134,0.0
178,201491,11474,22247,81511,41,2278,123,0.0
179,199228,11435,22401,83659,41,2263,132,0.0
180,197017,11341,22643,85722,41,2211,137,0.0
