#time,susceptible,exposed,infectious,recovered,dead,num infections today,num hospitalisations today,num hospitalisations today (data)
-29,317626,425,0,0,0,0,0,0.0
-28,317626,425,0,0,0,0,0,0.0
-27,317626,425,0,0,0,0,0,0.0
-26,317626,425,0,0,0,0,0,0.0
-25,317626,425,0,0,0,0,0,0.0
-24,317626,425,0,0,0,0,0,0.0
-23,317626,425,0,0,0,0,0,0.0
-22,317626,425,0,0,0,0,0,0.0
-21,317626,425,0,0,0,0,0,0.0
-20,317626,425,0,0,0,0,0,0.0
-19,317626,425,0,0,0,0,0,0.0
-18,317626,425,0,0,0,0,0,0.0
-17,317626,425,0,0,0,0,0,0.0
-16,317626,374,51,0,0,0,0,0.0
-15,317624,376,51,0,0,2,0,0.0
-14,317621,362,68,0,0,3,0,0.0
-13,317620,346,85,0,0,1,0,0.0
-12,317617,332,102,0,0,3,0,0.0
-11,317616,316,119,0,0,1,0,0.0
-10,317613,266,172,0,0,3,1,0.0
-9,317606,185,260,0,0,7,0,0.0
-8,317596,126,329,0,0,10,0,0.0
-7,317581,104,316,50,0,15,2,0.0
-6,317565,51,385,50,0,16,0,0.0
-5,317546,67,371,67,0,19,3,0.0
-4,317523,83,363,82,0,23,4,0.0
-3,317502,94,356,99,0,21,3,0.0
-2,317464,117,357,113,0,38,6,0.0
-1,317423,142,324,162,0,41,4,0.0
0,317384,162,258,247,0,39,5,40.0
1,317341,182,218,310,0,43,1,7.0
2,317292,210,205,344,0,49,0,10.0
3,317246,218,179,408,0,46,1,4.0
4,317184,239,217,411,0,62,3,3.0
5,317137,247,249,418,0,47,1,5.0
6,317067,274,282,428,0,70,5,6.0
7,317007,285,317,442,0,60,2,6.0
8,316939,307,348,457,0,68,1,9.0
9,316872,312,395,472,0,67,2,12.0
10,316808,329,421,493,0,64,2,7.0
11,316721,346,471,513,0,87,1,11.0
12,316649,358,495,549,0,72,4,18.0
13,316534,405,524,588,0,115,2,13.0
14,316393,479,553,626,0,141,3,27.0
15,316275,533,575,668,0,118,6,23.0
16,316207,514,614,716,0,68,2,33.0
17,316128,521,643,759,0,79,4,23.0
18,316037,497,701,816,0,91,4,35.0
19,315945,448,797,861,0,92,4,26.0
20,315835,440,847,929,0,110,2,23.0
21,315744,463,854,990,0,91,2,15.0
22,315633,495,866,1057,0,111,4,1.0
23,315612,425,887,1127,0,21,1,0.0
24,315597,348,913,1193,0,15,5,0.0
25,315573,262,936,1280,0,24,6,0.0
26,315549,195,955,1352,0,24,3,0.0
27,315524,109,955,1463,0,25,1,0.0
28,315494,118,839,1600,0,30,2,0.0
29,315471,126,736,1718,0,23,1,0.0
30,315458,115,692,1786,0,13,3,0.0
31,315442,107,636,1866,0,16,2,0.0
32,315412,112,570,1957,0,30,0,0.0
33,315395,99,510,2047,0,17,1,0.0
34,315371,100,422,2158,0,24,1,0.0
35,315350,108,342,2251,0,21,1,0.0
36,315315,127,247,2362,0,35,2,0.0
37,315296,116,254,2385,0,19,1,0.0
38,315277,118,256,2400,0,19,1,0.0
39,315240,131,256,2424,0,37,2,0.0
40,315220,130,248,2453,0,20,0,0.0
41,315192,123,257,2479,0,28,1,0.0
42,315169,127,244,2511,0,23,1,0.0
43,315140,137,237,2537,0,29,0,0.0
44,315117,123,259,2552,0,23,0,0.0
45,315096,124,261,2570,0,21,1,0.0
46,315073,119,257,2602,0,23,1,0.0
47,315051,118,259,2623,0,22,1,0.0
48,315027,113,264,2647,0,24,1,0.0
49,314995,122,262,2672,0,32,2,0.0
50,314960,136,244,2711,0,35,0,0.0
51,314934,139,246,2732,0,26,2,0.0
52,314901,150,250,2750,0,33,1,0.0
53,314876,151,235,2789,0,25,0,0.0
54,314854,141,248,2808,0,22,2,0.0
55,314823,137,253,2838,0,31,0,0.0
56,314805,129,254,2863,0,18,1,0.0
57,314774,127,260,2890,0,31,3,0.0
58,314738,138,261,2914,0,36,0,0.0
59,314711,143,262,2935,0,27,1,0.0
60,314677,146,271,2957,0,34,3,0.0
61,314641,164,266,2980,0,36,2,0.0
62,314622,152,273,3004,0,19,2,0.0
63,314584,154,279,3034,0,38,3,0.0
64,314546,165,271,3069,0,38,1,0.0
65,314522,155,281,3093,0,24,1,0.0
66,314471,170,286,3124,0,51,3,0.0
67,314436,186,280,3149,0,35,0,0.0
68,314396,188,297,3170,0,40,2,0.0
69,314361,185,307,3198,0,35,3,0.0
70,314329,193,312,3217,0,32,2,0.0
71,314295,176,333,3247,0,34,1,0.0
72,314259,177,332,3282,1,36,1,0.0
73,314227,169,345,3309,1,32,1,0.0
74,314190,171,345,3344,1,37,0,0.0
75,314154,175,342,3379,1,36,3,0.0
76,314105,190,357,3398,1,49,0,0.0
77,314078,181,354,3437,1,27,2,0.0
78,314038,189,351,3472,1,40,3,0.0
79,314000,190,363,3497,1,38,2,0.0
80,313965,189,349,3547,1,35,5,0.0
81,313924,181,365,3580,1,41,3,0.0
82,313880,198,351,3621,1,44,1,0.0
83,313831,207,361,3651,1,49,1,0.0
84,313790,210,369,3681,1,41,1,0.0
85,313745,220,368,3717,1,45,4,0.0
86,313702,222,372,3754,1,43,3,0.0
87,313668,212,383,3787,1,34,3,0.0
88,313618,213,397,3822,1,50,1,0.0
89,313587,203,404,3856,1,31,2,0.0
90,313543,202,402,3903,1,44,1,0.0
91,313496,206,416,3932,1,47,3,0.0
92,313442,226,412,3970,1,54,3,0.0
93,313385,233,423,4009,1,57,2,0.0
94,313328,259,419,4044,1,57,3,0.0
95,313282,261,422,4085,1,46,1,0.0
96,313231,265,426,4128,1,51,4,0.0
97,313186,256,433,4175,1,45,2,0.0
98,313129,256,448,4217,1,57,2,0.0
99,313079,249,464,4258,1,50,5,0.0
100,313023,259,466,4302,1,56,1,0.0
101,312984,247,484,4335,1,39,1,0.0
102,312919,267,482,4382,1,65,1,0.0
103,312863,266,505,4416,1,56,1,0.0
104,312793,286,510,4461,1,70,4,0.0
105,312726,297,516,4511,1,67,6,0.0
106,312659,325,499,4567,1,67,4,0.0
107,312605,314,510,4621,1,54,6,0.0
108,312542,321,513,4674,1,63,2,0.0
109,312455,338,540,4717,1,87,3,0.0
110,312379,347,558,4766,1,76,2,0.0
111,312305,354,579,4812,1,74,4,0.0
112,312240,365,577,4868,1,65,3,0.0
113,312167,375,590,4918,1,73,2,0.0
114,312099,356,622,4973,1,68,2,0.0
115,312033,346,661,5010,1,66,1,0.0
116,311953,352,669,5076,1,80,4,0.0
117,311878,362,677,5133,1,75,3,0.0
118,311814,353,679,5204,1,64,1,0.0
119,311745,354,682,5269,1,69,3,0.0
120,311656,377,682,5335,1,89,3,0.0
121,311571,382,705,5392,1,85,3,0.0
122,311488,390,718,5454,1,83,5,0.0
123,311414,400,696,5540,1,74,5,0.0
124,311327,418,688,5617,1,87,4,0.0
125,311244,412,706,5687,2,83,1,0.0
126,311175,396,730,5748,2,69,8,0.0
127,311096,392,744,5817,2,79,5,0.0
128,311005,409,750,5885,2,91,5,0.0
129,310927,400,775,5947,2,78,2,0.0
130,310839,405,779,6026,2,88,2,0.0
131,310753,422,774,6100,2,86,10,0.0
132,310671,425,786,6167,2,82,3,0.0
133,310588,417,809,6235,2,83,5,0.0
134,310491,436,805,6317,2,97,4,0.0
135,310412,427,809,6401,2,79,5,0.0
136,310328,425,814,6482,2,84,2,0.0
137,310238,433,821,6557,2,90,1,0.0
138,310145,443,820,6641,2,93,2,0.0
139,310045,446,834,6724,2,100,4,0.0
140,309928,484,844,6793,2,117,5,0.0
141,309836,492,846,6875,2,92,5,0.0
142,309736,502,846,6965,2,100,7,0.0
143,309633,512,865,7039,2,103,5,0.0
144,309522,523,879,7125,2,111,5,0.0
145,309431,497,914,7207,2,91,5,0.0
146,309321,515,926,7287,2,110,3,0.0
147,309220,516,943,7370,2,101,5,0.0
148,309107,526,948,7468,2,113,5,0.0
149,309002,520,979,7548,2,105,3,0.0
150,308906,525,989,7629,2,96,5,0.0
151,308787,534,1004,7724,2,119,8,0.0
152,308673,547,1010,7819,2,114,6,0.0
153,308566,541,1024,7918,2,107,4,0.0
154,308453,549,1018,8029,2,113,11,0.0
155,308322,584,1025,8118,2,131,4,0.0
156,308196,591,1038,8224,2,126,4,0.0
157,308063,610,1056,8320,2,133,7,0.0
158,307952,614,1051,8432,2,111,5,0.0
159,307853,600,1071,8525,2,99,7,0.0
160,307738,584,1093,8634,2,115,8,0.0
161,307604,592,1121,8732,2,134,5,0.0
162,307489,574,1146,8840,2,115,7,0.0
163,307356,596,1157,8940,2,133,8,0.0
164,307221,632,1161,9035,2,135,5,0.0
165,307095,643,1158,9153,2,126,6,0.0
166,306980,624,1182,9263,2,115,8,0.0
167,306824,665,1190,9370,2,156,4,0.0
168,306672,684,1209,9484,2,152,5,0.0
169,306532,689,1217,9611,2,140,7,0.0
170,306402,693,1215,9739,2,130,3,0.0
171,306279,701,1200,9869,2,123,6,0.0
172,306111,713,1245,9979,3,168,6,0.0
173,305985,687,1298,10078,3,126,6,0.0
174,305837,695,1326,10190,3,148,3,0.0
175,305697,705,1325,10321,3,140,5,0.0
176,305560,719,1331,10438,3,137,4,0.0
177,305406,705,1363,10574,3,154,7,0.0
178,305227,758,1356,10707,3,179,10,0.0
179,305090,747,1373,10838,3,137,5,0.0
180,304939,758,1402,10949,3,151,7,0.0
