#time,susceptible,exposed,infectious,recovered,dead,num infections today,num hospitalisations today,num hospitalisations today (data)
-29,317604,425,0,0,0,0,0,0.0
-28,317604,425,0,0,0,0,0,0.0
-27,317604,425,0,0,0,0,0,0.0
-26,317604,425,0,0,0,0,0,0.0
-25,317604,425,0,0,0,0,0,0.0
-24,317604,425,0,0,0,0,0,0.0
-23,317604,425,0,0,0,0,0,0.0
-22,317604,425,0,0,0,0,0,0.0
-21,317604,425,0,0,0,0,0,0.0
-20,317604,425,0,0,0,0,0,0.0
-19,317604,425,0,0,0,0,0,0.0
-18,317604,425,0,0,0,0,0,0.0
-17,317604,425,0,0,0,0,0,0.0
-16,317604,374,51,0,0,0,0,0.0
-15,317602,376,51,0,0,2,0,0.0
-14,317598,363,68,0,0,4,0,0.0
-13,317595,349,85,0,0,3,0,0.0
-12,317591,336,102,0,0,4,0,0.0
-11,317588,322,119,0,0,3,0,0.0
-10,317582,275,172,0,0,6,4,0.0
-9,317575,193,261,0,0,7,0,0.0
-8,317563,134,332,0,0,12,1,0.0
-7,317550,109,323,47,0,13,0,0.0
-6,317534,54,394,47,0,16,1,0.0
-5,317513,69,384,63,0,21,2,0.0
-4,317490,85,374,80,0,23,2,0.0
-3,317461,102,370,96,0,29,5,0.0
-2,317436,114,368,111,0,25,4,0.0
-1,317398,136,333,162,0,38,2,0.0
0,317365,148,270,246,0,33,7,40.0
1,317317,173,226,313,0,48,2,7.0
2,317282,179,219,349,0,35,0,10.0
3,317245,191,179,414,0,37,0,4.0
4,317206,192,212,419,0,39,2,3.0
5,317147,218,238,426,0,59,2,5.0
6,317087,230,274,438,0,60,4,6.0
7,317033,249,297,450,0,54,1,6.0
8,316967,278,319,465,0,66,1,9.0
9,316886,320,339,484,0,81,0,12.0
10,316821,326,376,506,0,65,1,7.0
11,316752,335,408,534,0,69,2,11.0
12,316658,375,437,559,0,94,4,18.0
13,316559,408,465,597,0,99,4,13.0
14,316454,432,515,628,0,105,1,27.0
15,316350,471,532,676,0,104,1,23.0
16,316280,472,570,707,0,70,3,33.0
17,316216,442,627,744,0,64,2,23.0
18,316155,404,688,782,0,61,2,35.0
19,316091,363,737,838,0,64,2,26.0
20,316028,322,782,897,0,63,5,23.0
21,315980,300,798,951,0,48,1,15.0
22,315899,317,793,1020,0,81,2,1.0
23,315880,275,775,1099,0,19,6,0.0
24,315862,229,774,1164,0,18,7,0.0
25,315842,186,765,1236,0,20,6,0.0
26,315827,153,722,1327,0,15,6,0.0
27,315806,93,711,1419,0,21,1,0.0
28,315769,111,631,1518,0,37,1,0.0
29,315744,118,550,1617,0,25,2,0.0
30,315724,118,499,1688,0,20,3,0.0
31,315701,126,447,1755,0,23,0,0.0
32,315674,132,408,1815,0,27,1,0.0
33,315649,120,383,1877,0,25,3,0.0
34,315617,127,345,1940,0,32,0,0.0
35,315589,135,316,1989,0,28,0,0.0
36,315560,141,259,2069,0,29,1,0.0
37,315535,139,263,2092,0,25,0,0.0
38,315514,135,266,2114,0,21,2,0.0
39,315483,134,278,2134,0,31,2,0.0
40,315452,137,290,2150,0,31,1,0.0
41,315427,133,296,2173,0,25,1,0.0
42,315400,135,285,2209,0,27,1,0.0
43,315368,146,280,2235,0,32,1,0.0
44,315342,141,289,2256,1,26,1,0.0
45,315316,136,293,2283,1,26,0,0.0
46,315280,147,291,2310,1,36,1,0.0
47,315242,158,292,2336,1,38,0,0.0
48,315214,154,286,2374,1,28,0,0.0
49,315177,165,278,2408,1,37,0,0.0
50,315157,159,269,2443,1,20,2,0.0
51,315119,161,276,2472,1,38,1,0.0
52,315085,157,292,2494,1,34,5,0.0
53,315042,172,290,2524,1,43,2,0.0
54,315014,163,295,2556,1,28,1,0.0
55,314976,181,291,2580,1,38,0,0.0
56,314945,174,304,2605,1,31,0,0.0
57,314917,168,307,2636,1,28,2,0.0
58,314881,161,321,2665,1,36,3,0.0
59,314838,176,323,2691,1,43,0,0.0
60,314804,172,327,2725,1,34,3,0.0
61,314768,177,322,2761,1,36,1,0.0
62,314721,196,322,2789,1,47,1,0.0
63,314674,207,322,2825,1,47,1,0.0
64,314645,193,344,2846,1,29,1,0.0
65,314612,192,340,2884,1,33,3,0.0
66,314563,205,342,2918,1,49,0,0.0
67,314516,205,346,2961,1,47,2,0.0
68,314471,203,367,2987,1,45,0,0.0
69,314420,225,357,3026,1,51,2,0.0
70,314388,224,361,3055,1,32,6,0.0
71,314357,206,382,3083,1,31,0,0.0
72,314323,193,395,3117,1,34,2,0.0
73,314280,191,403,3154,1,43,2,0.0
74,314241,179,420,3188,1,39,1,0.0
75,314195,193,416,3224,1,46,3,0.0
76,314158,199,401,3270,1,37,1,0.0
77,314120,203,384,3321,1,38,2,0.0
78,313994,286,399,3349,1,126,1,0.0
79,313857,384,404,3383,1,137,3,0.0
80,313741,454,403,3430,1,116,3,0.0
81,313636,522,393,3477,1,105,4,0.0
82,313533,587,387,3521,1,103,1,0.0
83,313417,577,462,3572,1,116,1,0.0
84,313293,564,569,3602,1,124,1,0.0
85,313170,571,652,3635,1,123,2,0.0
86,313048,588,723,3669,1,122,3,0.0
87,312940,593,783,3712,1,108,2,0.0
88,312836,581,861,3750,1,104,2,0.0
89,312736,557,941,3794,1,100,6,0.0
90,312594,576,1026,3832,1,142,4,0.0
91,312458,590,1112,3868,1,136,2,0.0
92,312329,611,1097,3991,1,129,3,0.0
93,312225,611,1068,4124,1,104,1,0.0
94,312105,631,1052,4240,1,120,2,0.0
95,311959,635,1087,4347,1,146,6,0.0
96,311847,611,1121,4449,1,112,3,0.0
97,311719,610,1135,4564,1,128,2,0.0
98,311602,623,1116,4687,1,117,3,0.0
99,311508,597,1115,4808,1,94,2,0.0
100,311374,585,1140,4929,1,134,1,0.0
101,311252,595,1145,5036,1,122,2,0.0
102,311142,577,1169,5140,1,110,3,0.0
103,311017,585,1185,5241,1,125,4,0.0
104,310885,623,1136,5384,1,132,4,0.0
105,310768,606,1133,5521,1,117,3,0.0
106,310621,631,1126,5650,1,147,0,0.0
107,310487,655,1135,5751,1,134,3,0.0
108,310338,679,1143,5868,1,149,3,0.0
109,310206,679,1128,6015,1,132,5,0.0
110,310057,711,1133,6127,1,149,4,0.0
111,309919,702,1152,6255,1,138,3,0.0
112,309762,725,1171,6370,1,157,5,0.0
113,309584,754,1228,6462,1,178,5,0.0
114,309442,764,1226,6596,1,142,2,0.0
115,309268,789,1254,6717,1,174,5,0.0
116,309106,813,1285,6824,1,162,4,0.0
117,308943,819,1317,6949,1,163,4,0.0
118,308776,808,1367,7077,1,167,3,0.0
119,308602,840,1395,7191,1,174,7,0.0
120,308430,838,1419,7341,1,172,3,0.0
121,308235,871,1448,7474,1,195,3,0.0
122,308031,912,1467,7618,1,204,2,0.0
123,307816,960,1501,7750,2,215,6,0.0
124,307629,973,1527,7898,2,187,4,0.0
125,307432,998,1562,8035,2,197,6,0.0
126,307213,1022,1604,8188,2,219,2,0.0
127,307009,1022,1631,8365,2,204,3,0.0
128,306783,1033,1706,8505,2,226,1,0.0
129,306605,1024,1717,8681,2,178,1,0.0
130,306423,1009,1753,8842,2,182,5,0.0
131,306240,973,1810,9004,2,183,3,0.0
132,306039,970,1845,9173,2,201,7,0.0
133,305831,952,1899,9345,2,208,2,0.0
134,305651,954,1902,9520,2,180,10,0.0
135,305450,973,1892,9712,2,201,9,0.0
136,305253,987,1871,9916,2,197,3,0.0
137,305053,986,1862,10126,2,200,7,0.0
138,304863,968,1887,10309,2,190,3,0.0
139,304680,971,1871,10505,2,183,8,0.0
140,304467,983,1855,10722,2,213,2,0.0
141,304268,985,1847,10927,2,199,5,0.0
142,304066,987,1826,11148,2,202,4,0.0
143,303872,991,1836,11328,2,194,11,0.0
144,303652,1028,1835,11512,2,220,3,0.0
145,303427,1040,1866,11694,2,225,7,0.0
146,303228,1040,1871,11888,2,199,6,0.0
147,303025,1041,1866,12095,2,203,5,0.0
148,302812,1060,1880,12275,2,213,5,0.0
149,302606,1046,1901,12474,2,206,9,0.0
150,302389,1038,1929,12671,2,217,3,0.0
151,302189,1039,1930,12868,3,200,14,0.0
152,301995,1030,1948,13053,3,194,3,0.0
153,301783,1029,1980,13234,3,212,8,0.0
154,301574,1032,1984,13436,3,209,7,0.0
155,301357,1032,1999,13638,3,217,6,0.0
156,301131,1058,2001,13836,3,226,7,0.0
157,300924,1071,2000,14031,3,207,6,0.0
158,300694,1089,1997,14246,3,230,4,0.0
159,300473,1101,1977,14474,4,221,3,0.0
160,300251,1106,1993,14675,4,222,5,0.0
161,300012,1119,2017,14877,4,239,11,0.0
162,299770,1154,2008,15093,4,242,10,0.0
163,299544,1150,2034,15297,4,226,8,0.0
164,299320,1153,2041,15511,4,224,4,0.0
165,299104,1147,2071,15703,4,216,8,0.0
166,298860,1152,2119,15894,4,244,6,0.0
167,298626,1144,2149,16106,4,234,9,0.0
168,298387,1157,2163,16318,4,239,6,0.0
169,298186,1134,2172,16533,4,201,7,0.0
170,297933,1171,2164,16756,5,253,8,0.0
171,297713,1147,2202,16962,5,220,2,0.0
172,297512,1114,2209,17189,5,201,8,0.0
173,297298,1089,2231,17406,5,214,13,0.0
174,297070,1116,2203,17635,5,228,7,0.0
175,296851,1082,2222,17868,6,219,8,0.0
176,296609,1104,2197,18113,6,242,9,0.0
177,296379,1133,2176,18335,6,230,9,0.0
178,296145,1153,2166,18559,6,234,12,0.0
179,295904,1166,2178,18775,6,241,8,0.0
180,295684,1167,2157,19015,6,220,7,0.0
