#time,susceptible,exposed,infectious,recovered,dead,num infections today,num hospitalisations today,num hospitalisations today (data)
-29,316969,425,0,0,0,0,0,0.0
-28,316969,425,0,0,0,0,0,0.0
-27,316969,425,0,0,0,0,0,0.0
-26,316969,425,0,0,0,0,0,0.0
-25,316969,425,0,0,0,0,0,0.0
-24,316969,425,0,0,0,0,0,0.0
-23,316969,425,0,0,0,0,0,0.0
-22,316969,425,0,0,0,0,0,0.0
-21,316969,425,0,0,0,0,0,0.0
-20,316969,425,0,0,0,0,0,0.0
-19,316969,425,0,0,0,0,0,0.0
-18,316969,425,0,0,0,0,0,0.0
-17,316969,425,0,0,0,0,0,0.0
-16,316969,374,51,0,0,0,0,0.0
-15,316966,377,51,0,0,3,0,0.0
-14,316965,361,68,0,0,1,0,0.0
-13,316958,351,85,0,0,7,0,0.0
-12,316957,335,102,0,0,1,0,0.0
-11,316955,320,119,0,0,2,0,0.0
-10,316949,272,173,0,0,6,5,0.0
-9,316946,189,259,0,0,3,0,0.0
-8,316933,127,334,0,0,13,2,0.0
-7,316913,112,323,46,0,20,2,0.0
-6,316895,60,393,46,0,18,1,0.0
-5,316875,74,384,61,0,20,1,0.0
-4,316851,95,372,76,0,24,6,0.0
-3,316817,116,369,92,0,34,5,0.0
-2,316791,122,373,108,0,26,8,0.0
-1,316749,146,340,159,0,42,6,0.0
0,316711,164,279,240,0,38,4,40.0
1,316663,188,236,307,0,48,2,7.0
2,316625,192,240,337,0,38,1,10.0
3,316579,212,199,404,0,46,2,4.0
4,316536,213,237,408,0,43,3,3.0
5,316490,221,272,411,0,46,2,5.0
6,316428,235,308,423,0,62,2,6.0
7,316363,262,326,443,0,65,1,6.0
8,316297,282,355,460,0,66,1,9.0
9,316221,315,380,478,0,76,0,12.0
10,316137,353,403,501,0,84,3,7.0
11,316049,379,432,534,0,88,2,11.0
12,315945,418,471,560,0,104,2,18.0
13,315844,453,497,600,0,101,0,13.0
14,315727,494,537,636,0,117,3,27.0
15,315570,567,573,684,0,157,0,23.0
16,315503,546,622,722,1,67,3,33.0
17,315425,520,680,767,2,78,2,23.0
18,315344,500,737,811,2,81,2,35.0
19,315248,479,810,855,2,96,3,26.0
20,315145,425,906,916,2,103,4,23.0
21,315041,462,905,984,2,104,2,15.0
22,314950,475,916,1051,2,91,4,1.0
23,314938,406,921,1127,2,12,7,0.0
24,314918,330,931,1213,2,20,7,0.0
25,314894,251,946,1301,2,24,4,0.0
26,314866,175,951,1400,2,28,2,0.0
27,314848,102,946,1496,2,18,1,0.0
28,314814,124,842,1612,2,34,0,0.0
29,314789,129,705,1769,2,25,1,0.0
30,314758,136,660,1838,2,31,1,0.0
31,314734,132,608,1918,2,24,1,0.0
32,314714,134,545,1999,2,20,3,0.0
33,314685,129,483,2095,2,29,1,0.0
34,314655,134,404,2198,3,30,1,0.0
35,314623,135,332,2301,3,32,2,0.0
36,314592,142,263,2393,4,31,1,0.0
37,314564,150,270,2406,4,28,1,0.0
38,314538,147,281,2424,4,26,1,0.0
39,314502,153,285,2450,4,36,2,0.0
40,314463,160,290,2477,4,39,1,0.0
41,314432,160,302,2496,4,31,2,0.0
42,314395,169,296,2530,4,37,0,0.0
43,314363,175,298,2554,4,32,1,0.0
44,314335,167,303,2585,4,28,1,0.0
45,314309,154,314,2613,4,26,3,0.0
46,314287,145,325,2633,4,22,6,0.0
47,314263,132,330,2665,4,24,2,0.0
48,314232,131,327,2700,4,31,2,0.0
49,314208,127,322,2733,4,24,1,0.0
50,314160,149,316,2765,4,48,1,0.0
51,314123,164,310,2793,4,37,4,0.0
52,314103,160,308,2819,4,20,4,0.0
53,314074,158,304,2854,4,29,2,0.0
54,314031,177,291,2891,4,43,2,0.0
55,313999,161,310,2920,4,32,3,0.0
56,313954,169,311,2956,4,45,0,0.0
57,313917,186,298,2989,4,37,3,0.0
58,313883,191,301,3015,4,34,1,0.0
59,313835,196,317,3042,4,48,1,0.0
60,313792,207,328,3063,4,43,2,0.0
61,313756,198,349,3087,4,36,3,0.0
62,313712,205,355,3118,4,44,2,0.0
63,313663,220,366,3141,4,49,0,0.0
64,313630,205,368,3187,4,33,3,0.0
65,313586,206,375,3223,4,44,4,0.0
66,313556,200,389,3245,4,30,0,0.0
67,313518,194,407,3271,4,38,2,0.0
68,313480,183,416,3311,4,38,2,0.0
69,313429,201,416,3344,4,51,2,0.0
70,313385,201,415,3389,4,44,1,0.0
71,313349,207,405,3429,4,36,3,0.0
72,313292,226,409,3463,4,57,1,0.0
73,313250,230,398,3512,4,42,3,0.0
74,313195,234,408,3553,4,55,0,0.0
75,313147,238,416,3589,4,48,1,0.0
76,313088,261,407,3634,4,59,5,0.0
77,313036,256,411,3687,4,52,2,0.0
78,312979,271,419,3721,4,57,1,0.0
79,312933,262,432,3763,4,46,0,0.0
80,312887,260,449,3794,4,46,4,0.0
81,312846,242,471,3831,4,41,0,0.0
82,312800,236,482,3872,4,46,0,0.0
83,312757,222,490,3920,5,43,7,0.0
84,312711,222,491,3965,5,46,4,0.0
85,312665,222,499,4003,5,46,3,0.0
86,312617,229,487,4056,5,48,2,0.0
87,312559,241,493,4096,5,58,1,0.0
88,312502,255,484,4148,5,57,7,0.0
89,312435,276,481,4197,5,67,2,0.0
90,312379,286,466,4258,5,56,3,0.0
91,312318,299,469,4303,5,61,7,0.0
92,312264,295,469,4361,5,54,1,0.0
93,312208,294,480,4407,5,56,4,0.0
94,312141,294,505,4449,5,67,2,0.0
95,312081,298,521,4489,5,60,4,0.0
96,312017,301,537,4534,5,64,1,0.0
97,311958,306,548,4577,5,59,3,0.0
98,311885,323,559,4622,5,73,1,0.0
99,311803,338,581,4667,5,82,4,0.0
100,311733,348,595,4713,5,70,1,0.0
101,311674,343,597,4775,5,59,1,0.0
102,311615,343,601,4830,5,59,5,0.0
103,311557,328,607,4897,5,58,2,0.0
104,311489,314,634,4952,5,68,2,0.0
105,311427,306,644,5012,5,62,7,0.0
106,311359,315,651,5064,5,68,4,0.0
107,311287,328,656,5118,5,72,2,0.0
108,311221,336,648,5184,5,66,6,0.0
109,311154,335,657,5243,5,67,4,0.0
110,311079,348,655,5307,5,75,5,0.0
111,310990,369,668,5362,5,89,9,0.0
112,310922,365,670,5432,5,68,0,0.0
113,310853,368,653,5515,5,69,5,0.0
114,310778,376,654,5581,5,75,4,0.0
115,310687,392,667,5643,5,91,2,0.0
116,310610,380,695,5704,5,77,3,0.0
117,310550,372,707,5760,5,60,5,0.0
118,310476,377,705,5831,5,74,1,0.0
119,310402,376,719,5892,5,74,4,0.0
120,310311,376,741,5961,5,91,4,0.0
121,310234,376,746,6033,5,77,6,0.0
122,310142,408,740,6099,5,92,4,0.0
123,310049,427,750,6163,5,93,7,0.0
124,309953,449,751,6236,5,96,3,0.0
125,309880,431,756,6322,5,73,5,0.0
126,309789,445,770,6385,5,91,6,0.0
127,309723,419,791,6456,5,66,2,0.0
128,309636,413,812,6528,5,87,3,0.0
129,309539,414,819,6616,6,97,5,0.0
130,309451,429,813,6695,6,88,1,0.0
131,309369,420,843,6756,6,82,3,0.0
132,309272,451,838,6827,6,97,4,0.0
133,309178,458,847,6905,6,94,8,0.0
134,309104,435,853,6996,6,74,2,0.0
135,309005,446,861,7076,6,99,4,0.0
136,308906,463,852,7167,6,99,5,0.0
137,308826,446,858,7258,6,80,6,0.0
138,308730,448,856,7354,6,96,2,0.0
139,308614,490,858,7426,6,116,5,0.0
140,308529,476,870,7513,6,85,3,0.0
141,308410,496,902,7580,6,119,3,0.0
142,308317,509,895,7667,6,93,5,0.0
143,308221,509,896,7762,6,96,5,0.0
144,308112,502,923,7851,6,109,3,0.0
145,307997,532,928,7931,6,115,2,0.0
146,307881,529,948,8030,6,116,3,0.0
147,307759,558,946,8125,6,122,6,0.0
148,307665,556,963,8204,6,94,2,0.0
149,307549,563,973,8303,6,116,8,0.0
150,307425,572,990,8401,6,124,7,0.0
151,307304,577,1024,8483,6,121,4,0.0
152,307190,569,1055,8574,6,114,6,0.0
153,307089,576,1036,8687,6,101,9,0.0
154,306988,561,1066,8773,6,101,4,0.0
155,306866,559,1076,8887,6,122,3,0.0
156,306746,558,1110,8974,6,120,8,0.0
157,306590,600,1128,9070,6,156,6,0.0
158,306475,614,1115,9184,6,115,8,0.0
159,306335,653,1107,9293,6,140,4,0.0
160,306211,655,1115,9407,6,124,9,0.0
161,306085,661,1116,9526,6,126,4,0.0
162,305958,632,1176,9622,6,127,9,0.0
163,305822,653,1182,9731,6,136,8,0.0
164,305694,641,1197,9856,6,128,6,0.0
165,305573,638,1206,9971,6,121,4,0.0
166,305454,631,1221,10082,6,119,12,0.0
167,305323,635,1248,10182,6,131,5,0.0
168,305185,637,1284,10282,6,138,6,0.0
169,305059,635,1299,10395,6,126,7,0.0
170,304942,631,1303,10512,6,117,7,0.0
171,304825,629,1268,10666,6,117,4,0.0
172,304705,618,1283,10782,6,120,8,0.0
173,304577,608,1286,10917,6,128,3,0.0
174,304434,625,1284,11044,7,143,12,0.0
175,304263,679,1273,11172,7,171,9,0.0
176,304123,702,1262,11300,7,140,5,0.0
177,303985,720,1252,11430,7,138,9,0.0
178,303845,732,1250,11559,8,140,5,0.0
179,303682,752,1272,11680,8,163,5,0.0
180,303557,706,1329,11794,8,125,10,0.0
