#time,susceptible,exposed,infectious,recovered,dead,num infections today,num hospitalisations today,num hospitalisations today (data)
-29,327982,426,0,0,0,0,0,0.0
-28,327982,426,0,0,0,0,0,0.0
-27,327982,426,0,0,0,0,0,0.0
-26,327982,426,0,0,0,0,0,0.0
-25,327982,426,0,0,0,0,0,0.0
-24,327982,426,0,0,0,0,0,0.0
-23,327982,426,0,0,0,0,0,0.0
-22,327982,426,0,0,0,0,0,0.0
-21,327982,426,0,0,0,0,0,0.0
-20,327982,426,0,0,0,0,0,0.0
-19,327982,426,0,0,0,0,0,0.0
-18,327982,426,0,0,0,0,0,0.0
-17,327982,426,0,0,0,0,0,0.0
-16,327982,375,51,0,0,0,0,0.0
-15,327982,375,51,0,0,0,0,0.0
-14,327981,358,69,0,0,1,0,0.0
-13,327978,344,86,0,0,3,0,0.0
-12,327972,333,103,0,0,6,0,0.0
-11,327968,320,120,0,0,4,0,0.0
-10,327962,275,171,0,0,6,5,0.0
-9,327952,199,257,0,0,10,0,0.0
-8,327938,142,328,0,0,14,0,0.0
-7,327927,113,322,46,0,11,0,0.0
-6,327913,55,394,46,0,14,1,0.0
-5,327887,75,382,64,0,26,0,0.0
-4,327858,94,375,81,0,29,0,0.0
-3,327818,120,373,97,0,40,11,0.0
-2,327786,141,367,114,0,32,4,0.0
-1,327739,174,330,165,0,47,3,0.0
0,327689,198,281,240,0,50,7,40.0
1,327635,223,243,307,0,54,1,7.0
2,327581,237,246,344,0,54,1,10.0
3,327523,263,213,409,0,58,3,4.0
4,327469,270,255,414,0,54,1,3.0
5,327393,296,296,423,0,76,2,5.0
6,327318,317,338,435,0,75,1,6.0
7,327227,354,382,445,0,91,0,6.0
8,327135,388,427,458,0,92,1,9.0
9,327051,418,455,484,0,84,1,12.0
10,326956,437,502,513,0,95,2,7.0
11,326853,465,538,552,0,103,1,11.0
12,326706,521,598,583,0,147,2,18.0
13,326573,562,645,628,0,133,1,13.0
14,326425,626,680,677,0,148,3,27.0
15,326264,692,718,734,0,161,5,23.0
16,326185,668,768,787,0,79,1,33.0
17,326089,617,859,842,1,96,2,23.0
18,325993,580,943,891,1,96,2,35.0
19,325890,535,1015,967,1,103,3,26.0
20,325791,473,1103,1040,1,99,2,23.0
21,325662,523,1093,1129,1,129,3,15.0
22,325530,559,1090,1228,1,132,5,1.0
23,325499,494,1100,1314,1,31,6,0.0
24,325469,421,1109,1408,1,30,7,0.0
25,325438,353,1104,1512,1,31,5,0.0
26,325395,267,1090,1655,1,43,5,0.0
27,325359,171,1093,1784,1,36,4,0.0
28,325324,175,977,1931,1,35,6,0.0
29,325286,183,850,2088,1,38,3,0.0
30,325252,186,802,2167,1,34,0,0.0
31,325215,180,753,2259,1,37,6,0.0
32,325177,182,695,2353,1,38,3,0.0
33,325145,179,626,2457,1,32,4,0.0
34,325112,174,569,2552,1,33,0,0.0
35,325084,168,475,2680,1,28,1,0.0
36,325049,166,383,2809,1,35,3,0.0
37,325023,154,388,2842,1,26,1,0.0
38,324991,154,390,2872,1,32,3,0.0
39,324958,154,392,2903,1,33,3,0.0
40,324923,161,374,2949,1,35,4,0.0
41,324869,180,375,2983,1,54,0,0.0
42,324830,193,367,3017,1,39,2,0.0
43,324783,208,365,3051,1,47,2,0.0
44,324740,218,362,3087,1,43,2,0.0
45,324699,224,360,3124,1,41,0,0.0
46,324653,216,376,3162,1,46,3,0.0
47,324601,229,381,3196,1,52,2,0.0
48,324573,210,390,3234,1,28,0,0.0
49,324527,213,401,3266,1,46,2,0.0
50,324478,221,405,3303,1,49,0,0.0
51,324432,221,420,3334,1,46,1,0.0
52,324395,206,437,3369,1,37,4,0.0
53,324348,225,426,3408,1,47,3,0.0
54,324294,233,435,3445,1,54,6,0.0
55,324252,226,434,3495,1,42,6,0.0
56,324212,220,438,3537,1,40,2,0.0
57,324168,227,431,3581,1,44,2,0.0
58,324129,219,437,3622,1,39,2,0.0
59,324082,212,452,3661,1,47,2,0.0
60,324026,226,449,3706,1,56,3,0.0
61,323987,225,436,3759,1,39,5,0.0
62,323945,223,454,3785,1,42,3,0.0
63,323836,293,447,3831,1,109,1,0.0
64,323746,336,446,3879,1,90,2,0.0
65,323659,367,454,3927,1,87,4,0.0
66,323578,409,457,3963,1,81,1,0.0
67,323487,458,452,4010,1,91,2,0.0
68,323359,477,510,4061,1,128,2,0.0
69,323275,471,557,4104,1,84,2,0.0
70,323183,476,606,4142,1,92,3,0.0
71,323078,500,642,4187,1,105,4,0.0
72,322979,508,693,4226,2,99,3,0.0
73,322877,482,777,4270,2,102,1,0.0
74,322773,502,808,4323,2,104,5,0.0
75,322652,531,864,4359,2,121,3,0.0
76,322537,541,927,4401,2,115,5,0.0
77,322428,551,918,4509,2,109,2,0.0
78,322327,550,930,4599,2,101,8,0.0
79,322200,573,947,4686,2,127,6,0.0
80,322075,577,984,4770,2,125,4,0.0
81,321961,576,1015,4854,2,114,2,0.0
82,321825,603,1000,4978,2,136,5,0.0
83,321707,620,1018,5061,2,118,4,0.0
84,321570,630,1052,5154,2,137,8,0.0
85,321434,641,1074,5257,2,136,8,0.0
86,321293,668,1087,5357,3,141,9,0.0
87,321153,672,1126,5454,3,140,8,0.0
88,321015,692,1147,5551,3,138,3,0.0
89,320873,697,1170,5665,3,142,5,0.0
90,320733,701,1195,5776,3,140,7,0.0
91,320563,730,1229,5883,3,170,7,0.0
92,320395,758,1271,5981,3,168,6,0.0
93,320231,784,1288,6102,3,164,8,0.0
94,320092,781,1309,6223,3,139,6,0.0
95,319950,783,1336,6336,3,142,8,0.0
96,319784,779,1374,6468,3,166,7,0.0
97,319604,791,1427,6583,3,180,6,0.0
98,319395,836,1461,6713,3,209,10,0.0
99,319225,867,1467,6846,3,170,11,0.0
100,319035,915,1471,6984,3,190,8,0.0
101,318863,921,1500,7121,3,172,2,0.0
102,318669,935,1551,7250,3,194,4,0.0
103,318474,921,1618,7392,3,195,9,0.0
104,318280,945,1644,7536,3,194,10,0.0
105,318068,967,1662,7708,3,212,7,0.0
106,317856,1007,1673,7869,3,212,7,0.0
107,317634,1035,1707,8029,3,222,5,0.0
108,317417,1057,1766,8165,3,217,11,0.0
109,317163,1117,1815,8309,4,254,13,0.0
110,316955,1113,1859,8477,4,208,10,0.0
111,316740,1116,1895,8653,4,215,16,0.0
112,316489,1145,1912,8858,4,251,8,0.0
113,316257,1160,1966,9021,4,232,8,0.0
114,316002,1161,2041,9200,4,255,15,0.0
115,315752,1203,2077,9372,4,250,13,0.0
116,315501,1239,2101,9563,4,251,9,0.0
117,315238,1251,2167,9748,4,263,16,0.0
118,314980,1277,2206,9941,4,258,9,0.0
119,314708,1294,2252,10150,4,272,9,0.0
120,314451,1301,2296,10355,5,257,7,0.0
121,314190,1311,2329,10573,5,261,14,0.0
122,313917,1321,2378,10787,5,273,14,0.0
123,313626,1354,2380,11043,5,291,11,0.0
124,313333,1375,2444,11251,5,293,12,0.0
125,313041,1410,2491,11461,5,292,20,0.0
126,312726,1464,2510,11703,5,315,15,0.0
127,312449,1468,2559,11927,5,277,12,0.0
128,312119,1507,2604,12173,5,330,14,0.0
129,311786,1547,2652,12418,5,333,15,0.0
130,311459,1582,2697,12665,5,327,9,0.0
131,311082,1644,2756,12921,5,377,18,0.0
132,310721,1728,2785,13169,5,361,10,0.0
133,310392,1727,2840,13443,6,329,17,0.0
134,310042,1744,2922,13694,6,350,17,0.0
135,309678,1781,2988,13955,6,364,16,0.0
136,309335,1747,3090,14229,7,343,11,0.0
137,308957,1764,3167,14513,7,378,17,0.0
138,308583,1809,3210,14799,7,374,19,0.0
139,308207,1835,3264,15095,7,376,17,0.0
140,307853,1825,3318,15404,8,354,18,0.0
141,307494,1841,3395,15669,9,359,14,0.0
142,307122,1835,3442,16000,9,372,15,0.0
143,306751,1832,3493,16323,9,371,28,0.0
144,306326,1881,3548,16644,9,425,24,0.0
145,305931,1922,3532,17014,9,395,23,0.0
146,305515,1979,3542,17363,9,416,16,0.0
147,305107,2015,3593,17684,9,408,21,0.0
148,304681,2070,3626,18021,10,426,21,0.0
149,304230,2096,3690,18382,10,451,23,0.0
150,303809,2122,3745,18722,10,421,22,0.0
151,303369,2146,3787,19096,10,440,18,0.0
152,302914,2193,3833,19458,10,455,19,0.0
153,302464,2217,3893,19824,10,450,17,0.0
154,302013,2217,3991,20177,10,451,19,0.0
155,301532,2277,4063,20526,10,481,25,0.0
156,301074,2295,4132,20897,10,458,25,0.0
157,300633,2281,4225,21259,10,441,20,0.0
158,300145,2319,4257,21677,10,488,23,0.0
159,299661,2352,4318,22067,10,484,23,0.0
160,299162,2370,4388,22478,10,499,21,0.0
161,298672,2402,4447,22876,11,490,18,0.0
162,298159,2474,4468,23295,12,513,17,0.0
163,297623,2522,4509,23742,12,536,31,0.0
164,297132,2529,4571,24164,12,491,25,0.0
165,296596,2566,4630,24604,12,536,17,0.0
166,296116,2556,4682,25041,13,480,32,0.0
167,295592,2567,4757,25479,13,524,33,0.0
168,295066,2557,4833,25939,13,526,31,0.0
169,294550,2582,4849,26414,13,516,22,0.0
170,293983,2613,4939,26860,13,567,19,0.0
171,293453,2663,4988,27290,14,530,27,0.0
172,292886,2706,5023,27779,14,567,35,0.0
173,292284,2782,5062,28266,14,602,24,0.0
174,291660,2890,5083,28761,14,624,25,0.0
175,291078,2905,5171,29240,14,582,29,0.0
176,290530,2923,5192,29748,15,548,23,0.0
177,289974,2912,5229,30278,15,556,30,0.0
178,289390,2894,5353,30756,15,584,34,0.0
179,288805,2855,5446,31287,15,585,25,0.0
180,288230,2848,5551,31764,15,575,32,0.0
