#time,susceptible,exposed,infectious,recovered,dead,num infections today,num hospitalisations today,num hospitalisations today (data)
-29,328586,426,0,0,0,0,0,0.0
-28,328586,426,0,0,0,0,0,0.0
-27,328586,426,0,0,0,0,0,0.0
-26,328586,426,0,0,0,0,0,0.0
-25,328586,426,0,0,0,0,0,0.0
-24,328586,426,0,0,0,0,0,0.0
-23,328586,426,0,0,0,0,0,0.0
-22,328586,426,0,0,0,0,0,0.0
-21,328586,426,0,0,0,0,0,0.0
-20,328586,426,0,0,0,0,0,0.0
-19,328586,426,0,0,0,0,0,0.0
-18,328586,426,0,0,0,0,0,0.0
-17,328586,426,0,0,0,0,0,0.0
-16,328586,375,51,0,0,0,0,0.0
-15,328585,376,51,0,0,1,0,0.0
-14,328584,360,68,0,0,1,0,0.0
-13,328581,345,86,0,0,3,0,0.0
-12,328576,333,103,0,0,5,0,0.0
-11,328574,318,120,0,0,2,0,0.0
-10,328565,275,172,0,0,9,2,0.0
-9,328560,194,258,0,0,5,0,0.0
-8,328548,135,329,0,0,12,2,0.0
-7,328537,107,319,49,0,11,1,0.0
-6,328513,61,389,49,0,24,1,0.0
-5,328494,71,383,64,0,19,1,0.0
-4,328465,95,371,81,0,29,4,0.0
-3,328441,107,367,97,0,24,1,0.0
-2,328407,130,362,113,0,34,4,0.0
-1,328365,148,338,161,0,42,3,0.0
0,328317,177,272,246,0,48,9,40.0
1,328265,200,234,313,0,52,1,7.0
2,328211,230,222,349,0,54,0,10.0
3,328144,263,195,410,0,67,2,4.0
4,328078,287,229,418,0,66,0,3.0
5,328017,300,272,423,0,61,0,5.0
6,327941,324,314,433,0,76,0,6.0
7,327868,343,357,444,0,73,2,6.0
8,327803,341,400,468,0,65,2,9.0
9,327725,353,447,487,0,78,2,12.0
10,327642,375,481,514,0,83,3,7.0
11,327516,425,535,536,0,126,3,11.0
12,327409,459,576,568,0,107,4,18.0
13,327273,530,602,607,0,136,4,13.0
14,327112,613,635,652,0,161,2,27.0
15,326965,677,668,702,0,147,8,23.0
16,326903,613,743,753,0,62,2,33.0
17,326847,562,781,821,1,56,4,23.0
18,326769,504,858,880,1,78,2,35.0
19,326707,405,958,941,1,62,1,26.0
20,326643,322,1031,1015,1,64,1,23.0
21,326555,348,1018,1090,1,88,6,15.0
22,326462,385,1009,1155,1,93,4,1.0
23,326437,332,1006,1236,1,25,2,0.0
24,326410,297,989,1315,1,27,6,0.0
25,326392,251,921,1447,1,18,10,0.0
26,326353,202,903,1553,1,39,3,0.0
27,326325,137,866,1683,1,28,4,0.0
28,326307,130,738,1836,1,18,2,0.0
29,326274,136,621,1980,1,33,0,0.0
30,326239,153,580,2039,1,35,2,0.0
31,326207,146,563,2094,2,32,2,0.0
32,326176,149,512,2173,2,31,3,0.0
33,326141,166,469,2234,2,35,8,0.0
34,326104,170,437,2299,2,37,0,0.0
35,326068,171,385,2386,2,36,3,0.0
36,326036,171,329,2474,2,32,1,0.0
37,325986,190,331,2503,2,50,0,0.0
38,325955,186,339,2530,2,31,0,0.0
39,325917,187,356,2550,2,38,1,0.0
40,325887,181,345,2597,2,30,1,0.0
41,325854,182,348,2626,2,33,2,0.0
42,325813,173,377,2647,2,41,1,0.0
43,325763,192,374,2681,2,50,0,0.0
44,325722,195,377,2715,3,41,1,0.0
45,325687,200,375,2747,3,35,1,0.0
46,325650,204,372,2783,3,37,3,0.0
47,325603,210,376,2820,3,47,3,0.0
48,325572,191,388,2858,3,31,3,0.0
49,325544,178,390,2897,3,28,0,0.0
50,325503,184,387,2935,3,41,1,0.0
51,325459,191,375,2984,3,44,3,0.0
52,325422,181,388,3018,3,37,2,0.0
53,325373,199,380,3057,3,49,2,0.0
54,325333,211,381,3084,3,40,1,0.0
55,325289,214,389,3117,3,44,1,0.0
56,325241,218,392,3158,3,48,1,0.0
57,325190,232,377,3210,3,51,0,0.0
58,325150,223,378,3258,3,40,3,0.0
59,325090,243,384,3292,3,60,2,0.0
60,325046,243,388,3332,3,44,0,0.0
61,325000,241,390,3378,3,46,2,0.0
62,324945,245,412,3407,3,55,2,0.0
63,324892,258,424,3435,3,53,1,0.0
64,324833,257,444,3475,3,59,5,0.0
65,324787,259,444,3518,4,46,6,0.0
66,324737,263,452,3556,4,50,3,0.0
67,324687,258,462,3601,4,50,2,0.0
68,324623,269,481,3635,4,64,4,0.0
69,324573,260,498,3677,4,50,3,0.0
70,324519,268,497,3724,4,54,2,0.0
71,324467,270,498,3773,4,52,1,0.0
72,324402,285,509,3812,4,65,0,0.0
73,324329,294,512,3873,4,73,2,0.0
74,324264,309,519,3916,4,65,3,0.0
75,324199,320,526,3963,4,65,5,0.0
76,324125,342,522,4019,4,74,2,0.0
77,324081,321,536,4070,4,44,2,0.0
78,323983,346,553,4126,4,98,3,0.0
79,323889,375,573,4171,4,94,5,0.0
80,323799,400,589,4220,4,90,3,0.0
81,323697,428,615,4268,4,102,4,0.0
82,323620,461,599,4328,4,77,1,0.0
83,323539,444,646,4379,4,81,5,0.0
84,323441,448,687,4432,4,98,3,0.0
85,323341,458,726,4483,4,100,2,0.0
86,323242,455,766,4545,4,99,4,0.0
87,323167,453,769,4619,4,75,5,0.0
88,323065,474,786,4683,4,102,3,0.0
89,322950,491,817,4749,5,115,4,0.0
90,322849,492,841,4825,5,101,4,0.0
91,322735,507,896,4869,5,114,4,0.0
92,322630,537,874,4966,5,105,6,0.0
93,322527,538,880,5062,5,103,4,0.0
94,322411,539,906,5151,5,116,5,0.0
95,322300,549,909,5249,5,111,6,0.0
96,322184,551,950,5322,5,116,4,0.0
97,322066,564,978,5399,5,118,2,0.0
98,321954,573,988,5492,5,112,3,0.0
99,321832,579,1006,5590,5,122,2,0.0
100,321698,602,1016,5691,5,134,7,0.0
101,321580,604,1057,5766,5,118,6,0.0
102,321431,635,1073,5868,5,149,8,0.0
103,321317,637,1076,5977,5,114,9,0.0
104,321220,612,1098,6077,5,97,6,0.0
105,321084,614,1123,6186,5,136,5,0.0
106,320953,627,1141,6286,5,131,4,0.0
107,320812,619,1191,6384,6,141,9,0.0
108,320665,652,1190,6499,6,147,6,0.0
109,320539,681,1179,6607,6,126,5,0.0
110,320412,672,1206,6716,6,127,3,0.0
111,320273,680,1221,6832,6,139,5,0.0
112,320142,670,1249,6945,6,131,3,0.0
113,319998,667,1275,7066,6,144,3,0.0
114,319868,671,1269,7198,6,130,2,0.0
115,319733,679,1277,7317,6,135,10,0.0
116,319593,680,1266,7467,6,140,7,0.0
117,319469,673,1280,7584,6,124,9,0.0
118,319342,656,1332,7676,6,127,8,0.0
119,319214,654,1327,7810,7,128,13,0.0
120,319080,653,1334,7938,7,134,7,0.0
121,318960,633,1337,8075,7,120,6,0.0
122,318811,658,1326,8210,7,149,15,0.0
123,318654,688,1331,8332,7,157,8,0.0
124,318487,727,1336,8455,7,167,8,0.0
125,318331,749,1339,8586,7,156,9,0.0
126,318191,769,1329,8716,7,140,9,0.0
127,318035,776,1334,8860,7,156,9,0.0
128,317884,770,1360,8991,7,151,8,0.0
129,317733,754,1394,9124,7,151,5,0.0
130,317555,776,1413,9261,7,178,10,0.0
131,317391,800,1432,9382,7,164,7,0.0
132,317237,798,1457,9513,7,154,6,0.0
133,317097,787,1483,9638,7,140,9,0.0
134,316922,811,1503,9769,7,175,9,0.0
135,316740,815,1562,9888,7,182,5,0.0
136,316588,803,1578,10036,7,152,9,0.0
137,316422,815,1580,10188,7,166,5,0.0
138,316250,847,1555,10353,7,172,7,0.0
139,316076,846,1581,10502,7,174,11,0.0
140,315902,838,1617,10648,7,174,10,0.0
141,315712,876,1613,10804,7,190,12,0.0
142,315534,888,1629,10952,9,178,13,0.0
143,315346,904,1652,11101,9,188,8,0.0
144,315167,909,1648,11279,9,179,4,0.0
145,314964,938,1662,11439,9,203,10,0.0
146,314774,938,1701,11590,9,190,8,0.0
147,314569,965,1728,11741,9,205,9,0.0
148,314376,970,1741,11915,10,193,5,0.0
149,314173,994,1739,12095,11,203,11,0.0
150,313981,983,1790,12247,11,192,8,0.0
151,313786,988,1812,12415,11,195,9,0.0
152,313569,1000,1848,12584,11,217,8,0.0
153,313333,1043,1868,12757,11,236,8,0.0
154,313113,1060,1901,12927,11,220,5,0.0
155,312900,1081,1902,13118,11,213,13,0.0
156,312667,1119,1922,13293,11,233,13,0.0
157,312434,1135,1950,13482,11,233,11,0.0
158,312232,1101,2011,13657,11,202,8,0.0
159,312025,1088,2031,13857,11,207,8,0.0
160,311799,1101,2059,14042,11,226,12,0.0
161,311570,1097,2088,14245,12,229,11,0.0
162,311359,1075,2128,14438,12,211,11,0.0
163,311112,1120,2131,14637,12,247,15,0.0
164,310884,1141,2146,14829,12,228,14,0.0
165,310654,1145,2177,15024,12,230,9,0.0
166,310439,1131,2190,15240,12,215,14,0.0
167,310209,1150,2163,15477,13,230,16,0.0
168,309947,1165,2194,15693,13,262,15,0.0
169,309702,1182,2217,15898,13,245,19,0.0
170,309449,1205,2218,16127,13,253,15,0.0
171,309238,1201,2205,16355,13,211,13,0.0
172,309018,1191,2242,16548,13,220,22,0.0
173,308767,1180,2306,16746,13,251,7,0.0
174,308502,1200,2327,16970,13,265,19,0.0
175,308262,1187,2363,17187,13,240,7,0.0
176,308004,1234,2362,17399,13,258,10,0.0
177,307773,1245,2344,17637,13,231,13,0.0
178,307506,1261,2369,17863,13,267,13,0.0
179,307261,1241,2410,18086,14,245,19,0.0
180,306974,1288,2435,18301,14,287,17,0.0
