#time,susceptible,exposed,infectious,recovered,dead,num infections today,num hospitalisations today,num hospitalisations today (data)
-29,328214,426,0,0,0,0,0,0.0
-28,328214,426,0,0,0,0,0,0.0
-27,328214,426,0,0,0,0,0,0.0
-26,328214,426,0,0,0,0,0,0.0
-25,328214,426,0,0,0,0,0,0.0
-24,328214,426,0,0,0,0,0,0.0
-23,328214,426,0,0,0,0,0,0.0
-22,328214,426,0,0,0,0,0,0.0
-21,328214,426,0,0,0,0,0,0.0
-20,328214,426,0,0,0,0,0,0.0
-19,328214,426,0,0,0,0,0,0.0
-18,328214,426,0,0,0,0,0,0.0
-17,328214,426,0,0,0,0,0,0.0
-16,328214,375,51,0,0,0,0,0.0
-15,328214,375,51,0,0,0,0,0.0
-14,328213,359,68,0,0,1,0,0.0
-13,328211,344,85,0,0,2,0,0.0
-12,328208,330,102,0,0,3,0,0.0
-11,328204,317,119,0,0,4,0,0.0
-10,328201,269,170,0,0,3,2,0.0
-9,328194,189,257,0,0,7,0,0.0
-8,328188,125,327,0,0,6,0,0.0
-7,328177,99,315,49,0,11,2,0.0
-6,328156,48,387,49,0,21,1,0.0
-5,328131,70,373,66,0,25,1,0.0
-4,328098,96,365,81,0,33,3,0.0
-3,328067,121,355,97,0,31,5,0.0
-2,328042,135,350,113,0,25,3,0.0
-1,327992,164,323,161,0,50,3,0.0
0,327945,186,266,243,0,47,4,40.0
1,327898,200,232,310,0,47,1,7.0
2,327859,208,228,345,0,39,0,10.0
3,327816,226,184,414,0,43,1,4.0
4,327744,248,232,416,0,72,2,3.0
5,327686,259,272,423,0,58,1,5.0
6,327613,285,313,429,0,73,2,6.0
7,327549,310,342,439,0,64,2,6.0
8,327489,327,365,459,0,60,3,9.0
9,327414,330,413,483,0,75,1,12.0
10,327324,362,440,514,0,90,2,7.0
11,327234,379,485,542,0,90,4,11.0
12,327112,437,525,566,0,122,1,18.0
13,326974,515,537,614,0,138,3,13.0
14,326834,580,569,657,0,140,0,27.0
15,326685,639,611,705,0,149,1,23.0
16,326632,602,665,741,0,53,5,33.0
17,326571,541,743,784,1,61,6,23.0
18,326507,467,809,856,1,64,2,35.0
19,326427,407,896,909,1,80,3,26.0
20,326360,325,975,979,1,67,3,23.0
21,326264,368,963,1044,1,96,4,15.0
22,326150,421,963,1105,1,114,4,1.0
23,326130,377,953,1179,1,20,4,0.0
24,326102,325,945,1267,1,28,11,0.0
25,326076,284,922,1357,1,26,3,0.0
26,326053,211,898,1477,1,23,6,0.0
27,326019,131,884,1604,2,34,2,0.0
28,325998,132,766,1742,2,21,2,0.0
29,325961,141,649,1887,2,37,2,0.0
30,325919,157,623,1939,2,42,0,0.0
31,325882,171,585,2000,2,37,3,0.0
32,325844,175,555,2064,2,38,3,0.0
33,325813,185,493,2147,2,31,3,0.0
34,325780,181,466,2211,2,33,3,0.0
35,325742,177,413,2306,2,38,0,0.0
36,325699,183,337,2419,2,43,0,0.0
37,325666,178,357,2437,2,33,3,0.0
38,325627,186,357,2468,2,39,3,0.0
39,325590,190,364,2494,2,37,3,0.0
40,325541,201,380,2516,2,49,4,0.0
41,325501,198,388,2551,2,40,2,0.0
42,325454,212,397,2575,2,47,3,0.0
43,325419,208,399,2612,2,35,1,0.0
44,325378,212,393,2655,2,41,1,0.0
45,325336,205,405,2692,2,42,2,0.0
46,325286,215,403,2734,2,50,2,0.0
47,325237,217,416,2768,2,49,0,0.0
48,325195,224,416,2803,2,42,1,0.0
49,325154,224,409,2851,2,41,0,0.0
50,325114,222,405,2897,2,40,0,0.0
51,325069,217,417,2935,2,45,4,0.0
52,325018,219,425,2976,2,51,4,0.0
53,324960,235,428,3015,2,58,0,0.0
54,324917,237,422,3062,2,43,2,0.0
55,324864,250,425,3099,2,53,6,0.0
56,324808,261,421,3148,2,56,5,0.0
57,324756,262,436,3184,2,52,4,0.0
58,324698,262,457,3221,2,58,1,0.0
59,324650,267,462,3259,2,48,7,0.0
60,324604,260,469,3305,2,46,3,0.0
61,324544,264,477,3353,2,60,4,0.0
62,324490,266,492,3390,2,54,5,0.0
63,324435,263,509,3431,2,55,3,0.0
64,324372,278,516,3472,2,63,5,0.0
65,324314,290,518,3516,2,58,3,0.0
66,324265,279,528,3566,2,49,3,0.0
67,324203,287,526,3622,2,62,2,0.0
68,324132,303,538,3665,2,71,4,0.0
69,324074,298,550,3716,2,58,3,0.0
70,324020,294,551,3772,3,54,5,0.0
71,323954,311,551,3821,3,66,1,0.0
72,323888,315,558,3876,3,66,2,0.0
73,323828,304,584,3921,3,60,2,0.0
74,323744,330,597,3966,3,84,3,0.0
75,323682,338,593,4024,3,62,4,0.0
76,323617,337,603,4080,3,65,2,0.0
77,323543,345,614,4135,3,74,2,0.0
78,323463,365,613,4196,3,80,4,0.0
79,323392,352,639,4254,3,71,3,0.0
80,323312,370,650,4305,3,80,8,0.0
81,323226,391,653,4367,3,86,2,0.0
82,323140,403,655,4439,3,86,3,0.0
83,323070,393,684,4490,3,70,1,0.0
84,322989,403,698,4547,3,81,3,0.0
85,322919,393,712,4613,3,70,10,0.0
86,322842,384,729,4682,3,77,4,0.0
87,322759,381,753,4744,3,83,6,0.0
88,322672,398,746,4821,3,87,3,0.0
89,322583,406,764,4884,3,89,1,0.0
90,322488,431,772,4946,3,95,5,0.0
91,322382,460,775,5020,3,106,5,0.0
92,322292,467,777,5101,3,90,5,0.0
93,322194,478,793,5171,4,98,4,0.0
94,322098,485,806,5247,4,96,8,0.0
95,321990,498,814,5334,4,108,6,0.0
96,321856,526,836,5418,4,134,6,0.0
97,321777,515,861,5483,4,79,9,0.0
98,321666,528,882,5560,4,111,4,0.0
99,321550,548,910,5628,4,116,4,0.0
100,321451,539,945,5701,4,99,2,0.0
101,321325,531,998,5782,4,126,6,0.0
102,321202,575,991,5868,4,123,4,0.0
103,321074,592,1010,5960,4,128,4,0.0
104,320947,603,1034,6052,4,127,3,0.0
105,320845,606,1024,6161,4,102,4,0.0
106,320722,603,1062,6249,4,123,4,0.0
107,320598,604,1087,6347,4,124,9,0.0
108,320482,592,1122,6440,4,116,6,0.0
109,320353,594,1142,6547,4,129,9,0.0
110,320256,589,1109,6682,4,97,4,0.0
111,320125,597,1154,6760,4,131,5,0.0
112,319999,599,1169,6869,4,126,4,0.0
113,319878,604,1171,6983,4,121,10,0.0
114,319729,624,1205,7078,4,149,6,0.0
115,319569,687,1176,7204,4,160,3,0.0
116,319424,701,1191,7320,4,145,6,0.0
117,319282,717,1189,7448,4,142,6,0.0
118,319134,744,1182,7576,4,148,6,0.0
119,318996,733,1227,7679,5,138,7,0.0
120,318864,705,1264,7802,5,132,7,0.0
121,318689,735,1284,7927,5,175,5,0.0
122,318532,750,1307,8046,5,157,4,0.0
123,318397,737,1329,8172,5,135,8,0.0
124,318265,731,1371,8268,5,132,8,0.0
125,318137,727,1373,8397,6,128,13,0.0
126,317984,705,1424,8521,6,153,12,0.0
127,317828,704,1465,8637,6,156,7,0.0
128,317643,754,1461,8776,6,185,3,0.0
129,317483,782,1442,8927,6,160,13,0.0
130,317307,830,1427,9070,6,176,7,0.0
131,317165,819,1437,9213,6,142,8,0.0
132,316975,853,1448,9358,6,190,14,0.0
133,316799,844,1497,9494,6,176,13,0.0
134,316639,844,1524,9627,6,160,2,0.0
135,316475,832,1532,9795,6,164,5,0.0
136,316274,891,1522,9946,7,201,4,0.0
137,316088,887,1576,10082,7,186,7,0.0
138,315923,876,1615,10219,7,165,11,0.0
139,315732,907,1645,10349,7,191,12,0.0
140,315534,941,1660,10498,7,198,10,0.0
141,315332,942,1710,10649,7,202,13,0.0
142,315122,966,1717,10828,7,210,6,0.0
143,314922,1001,1728,10982,7,200,9,0.0
144,314723,1009,1750,11151,7,199,8,0.0
145,314525,1009,1804,11294,8,198,9,0.0
146,314331,1001,1821,11479,8,194,10,0.0
147,314116,1006,1857,11653,8,215,9,0.0
148,313882,1040,1898,11812,8,234,4,0.0
149,313691,1032,1933,11976,8,191,10,0.0
150,313478,1047,1924,12183,8,213,10,0.0
151,313243,1088,1927,12374,8,235,7,0.0
152,313010,1106,1982,12534,8,233,13,0.0
153,312779,1103,2032,12718,8,231,10,0.0
154,312552,1139,2020,12921,8,227,14,0.0
155,312335,1143,2033,13120,9,217,12,0.0
156,312098,1145,2060,13328,9,237,10,0.0
157,311875,1135,2092,13529,9,223,9,0.0
158,311650,1129,2123,13728,10,225,13,0.0
159,311408,1144,2158,13920,10,242,11,0.0
160,311191,1144,2184,14111,10,217,11,0.0
161,310931,1167,2212,14320,10,260,12,0.0
162,310667,1208,2204,14551,10,264,10,0.0
163,310427,1223,2237,14742,11,240,15,0.0
164,310180,1228,2267,14954,11,247,14,0.0
165,309916,1275,2250,15187,12,264,17,0.0
166,309654,1277,2280,15416,13,262,14,0.0
167,309401,1266,2319,15640,14,253,17,0.0
168,309142,1285,2340,15859,14,259,11,0.0
169,308896,1284,2375,16071,14,246,17,0.0
170,308615,1301,2409,16301,14,281,9,0.0
171,308339,1315,2451,16521,14,276,15,0.0
172,308042,1359,2487,16738,14,297,10,0.0
173,307734,1408,2511,16973,14,308,11,0.0
174,307430,1466,2545,17185,14,304,17,0.0
175,307134,1481,2568,17443,14,296,16,0.0
176,306848,1491,2585,17702,14,286,9,0.0
177,306531,1511,2648,17936,14,317,19,0.0
178,306206,1528,2714,18178,14,325,11,0.0
179,305892,1538,2751,18445,14,314,9,0.0
180,305615,1519,2791,18701,14,277,18,0.0
