#time,susceptible,exposed,infectious,recovered,dead,num infections today,num hospitalisations today,num hospitalisations today (data)
-29,327492,425,0,0,0,0,0,0.0
-28,327492,425,0,0,0,0,0,0.0
-27,327492,425,0,0,0,0,0,0.0
-26,327492,425,0,0,0,0,0,0.0
-25,327492,425,0,0,0,0,0,0.0
-24,327492,425,0,0,0,0,0,0.0
-23,327492,425,0,0,0,0,0,0.0
-22,327492,425,0,0,0,0,0,0.0
-21,327492,425,0,0,0,0,0,0.0
-20,327492,425,0,0,0,0,0,0.0
-19,327492,425,0,0,0,0,0,0.0
-18,327492,425,0,0,0,0,0,0.0
-17,327492,425,0,0,0,0,0,0.0
-16,327492,374,51,0,0,0,0,0.0
-15,327491,375,51,0,0,1,0,0.0
-14,327490,359,68,0,0,1,0,0.0
-13,327486,346,85,0,0,4,0,0.0
-12,327484,331,102,0,0,2,0,0.0
-11,327482,316,119,0,0,2,0,0.0
-10,327477,269,171,0,0,5,4,0.0
-9,327472,188,257,0,0,5,0,0.0
-8,327463,125,329,0,0,9,2,0.0
-7,327456,96,318,47,0,7,0,0.0
-6,327436,46,388,47,0,20,0,0.0
-5,327412,65,378,62,0,24,5,0.0
-4,327383,89,366,79,0,29,2,0.0
-3,327355,108,358,96,0,28,8,0.0
-2,327316,140,353,108,0,39,4,0.0
-1,327276,160,323,158,0,40,4,0.0
0,327236,176,269,236,0,40,4,40.0
1,327191,192,230,304,0,45,1,7.0
2,327135,220,226,336,0,56,0,10.0
3,327076,240,199,402,0,59,0,4.0
4,327018,258,234,407,0,58,2,3.0
5,326973,263,269,412,0,45,3,5.0
6,326909,282,305,421,0,64,3,6.0
7,326856,279,355,427,0,53,1,6.0
8,326788,288,396,445,0,68,1,9.0
9,326711,307,432,467,0,77,2,12.0
10,326624,349,449,495,0,87,3,7.0
11,326531,378,486,522,0,93,1,11.0
12,326433,423,502,559,0,98,1,18.0
13,326314,474,532,597,0,119,2,13.0
14,326180,531,569,637,0,134,3,27.0
15,326044,580,607,686,0,136,5,23.0
16,325885,646,646,740,0,159,4,33.0
17,325724,709,686,798,0,161,2,23.0
18,325578,736,751,852,0,146,4,35.0
19,325383,797,844,893,0,195,0,26.0
20,325192,852,914,959,0,191,1,23.0
21,324984,901,1021,1011,0,208,6,15.0
22,324762,962,1106,1087,0,222,4,1.0
23,324508,1070,1173,1166,0,254,3,0.0
24,324205,1178,1283,1251,0,303,5,0.0
25,323912,1280,1381,1344,0,293,2,0.0
26,323591,1393,1493,1440,0,321,7,0.0
27,323228,1534,1600,1555,0,363,13,0.0
28,322871,1637,1722,1687,0,357,8,0.0
29,322432,1773,1895,1817,0,439,5,0.0
30,321979,1933,2039,1966,0,453,10,0.0
31,321499,2092,2204,2122,0,480,9,0.0
32,320952,2276,2425,2264,0,547,9,0.0
33,320419,2452,2595,2451,0,533,15,0.0
34,319774,2658,2850,2635,0,645,7,0.0
35,319147,2832,3100,2837,1,627,13,0.0
36,318420,3079,3368,3049,1,727,11,0.0
37,317668,3284,3668,3296,1,752,11,0.0
38,316887,3532,3908,3588,2,781,13,0.0
39,316047,3727,4268,3873,2,840,19,0.0
40,315118,4029,4578,4190,2,929,27,0.0
41,314176,4244,4949,4546,2,942,16,0.0
42,313132,4536,5361,4886,2,1044,18,0.0
43,312030,4857,5726,5302,2,1102,9,0.0
44,310927,5120,6128,5740,2,1103,23,0.0
45,309722,5396,6594,6203,2,1205,22,0.0
46,308491,5685,6993,6746,2,1231,26,0.0
47,307149,5983,7524,7259,2,1342,26,0.0
48,305729,6301,7996,7889,2,1420,21,0.0
49,304258,6669,8493,8495,2,1471,32,0.0
50,302665,7057,8994,9199,2,1593,33,0.0
51,300977,7514,9484,9940,2,1688,38,0.0
52,299267,7882,10067,10699,2,1710,33,0.0
53,297349,8380,10667,11518,3,1918,37,0.0
54,295446,8812,11239,12417,3,1903,36,0.0
55,293423,9242,11911,13338,3,2023,49,0.0
56,291250,9727,12585,14351,4,2173,59,0.0
57,288986,10281,13223,15423,4,2264,73,0.0
58,286670,10679,14071,16492,5,2316,55,0.0
59,284267,11179,14817,17649,5,2403,68,0.0
60,281793,11630,15665,18824,5,2474,66,0.0
61,279182,12068,16537,20125,5,2611,75,0.0
62,276417,12569,17434,21492,5,2765,75,0.0
63,273550,13120,18328,22914,5,2867,82,0.0
64,270509,13758,19190,24455,5,3041,84,0.0
65,267362,14431,20022,26096,6,3147,104,0.0
66,263969,15213,20985,27744,6,3393,101,0.0
67,260716,15701,21895,29599,6,3253,113,0.0
68,257249,16301,22946,31414,7,3467,107,0.0
69,253820,16689,24036,33363,9,3429,112,0.0
70,250290,17072,25096,35450,9,3530,112,0.0
71,246519,17450,26304,37635,9,3771,119,0.0
72,242715,18001,27324,39866,11,3804,135,0.0
73,238871,18378,28473,42184,11,3844,127,0.0
74,235010,18810,29502,44584,11,3861,141,0.0
75,230968,19322,30516,47098,13,4042,139,0.0
76,226949,19570,31613,49771,14,4019,173,0.0
77,222888,19827,32651,52536,15,4061,169,0.0
78,218700,20171,33553,55478,15,4188,169,0.0
79,214671,20339,34399,58493,15,4029,166,0.0
80,210383,20585,35165,61768,16,4288,173,0.0
81,206069,20880,36032,64918,18,4314,162,0.0
82,201789,21099,36707,68303,19,4280,200,0.0
83,197637,21063,37572,71625,20,4152,209,0.0
84,193346,21325,38162,75064,20,4291,194,0.0
85,189001,21382,38806,78706,22,4345,196,0.0
86,184666,21403,39429,82395,24,4335,188,0.0
87,180425,21364,39973,86131,24,4241,214,0.0
88,176157,21480,40364,89889,27,4268,221,0.0
89,171938,21408,40706,93837,28,4219,203,0.0
90,167789,21212,41138,97748,30,4149,199,0.0
91,163677,20989,41527,101693,31,4112,232,0.0
92,159418,21007,41653,105807,32,4259,248,0.0
93,155347,20810,41972,109753,35,4071,209,0.0
94,151270,20668,42009,113935,35,4077,226,0.0
95,147280,20509,41975,118116,37,3990,198,0.0
96,143306,20371,41883,122315,42,3974,230,0.0
97,139408,20010,42074,126382,43,3898,229,0.0
98,135714,19633,41931,130593,46,3694,243,0.0
99,131957,19313,41758,134842,47,3757,204,0.0
100,128262,19018,41500,139087,50,3695,237,0.0
101,124484,18822,41292,143269,50,3778,242,0.0
102,120946,18462,40964,147492,53,3538,240,0.0
103,117396,18318,40506,151640,57,3550,237,0.0
104,113975,17982,40185,155717,58,3421,233,0.0
105,110558,17704,39832,159762,61,3417,247,0.0
106,107207,17277,39423,163946,64,3351,239,0.0
107,103914,17032,38914,167992,65,3293,244,0.0
108,100868,16528,38422,172034,65,3046,220,0.0
109,97967,16008,37893,175982,67,2901,224,0.0
110,95076,15482,37381,179909,69,2891,230,0.0
111,92207,15000,36855,183783,72,2869,224,0.0
112,89369,14545,36454,187474,75,2838,224,0.0
113,86734,14134,35747,191224,78,2635,208,0.0
114,84044,13923,34953,194916,81,2690,209,0.0
115,81462,13614,34084,198674,83,2582,209,0.0
116,78975,13232,33377,202249,84,2487,187,0.0
117,76567,12802,32629,205833,86,2408,176,0.0
118,74195,12539,31849,209245,89,2372,194,0.0
119,71932,12112,31072,212709,92,2263,174,0.0
120,69743,11719,30282,216080,93,2189,165,0.0
121,67600,11375,29441,219407,94,2143,164,0.0
122,65604,10963,28742,222513,95,1996,184,0.0
123,63629,10566,28136,225486,100,1975,151,0.0
124,61781,10151,27469,228411,105,1848,164,0.0
125,59978,9765,26749,231319,106,1803,129,0.0
126,58254,9346,25977,234232,108,1724,164,0.0
127,56411,9193,25268,236934,111,1843,149,0.0
128,54769,8860,24460,239716,112,1642,157,0.0
129,53095,8686,23658,242365,113,1674,139,0.0
130,51485,8493,22893,244930,116,1610,116,0.0
131,50045,8209,22126,247417,120,1440,126,0.0
132,48641,7770,21506,249877,123,1404,143,0.0
133,47213,7556,20786,252234,128,1428,107,0.0
134,45899,7196,20175,254518,129,1314,123,0.0
135,44579,6906,19555,256745,132,1320,111,0.0
136,43291,6754,18891,258848,133,1288,122,0.0
137,42123,6518,18224,260917,135,1168,106,0.0
138,40943,6270,17720,262847,137,1180,115,0.0
139,39840,6059,17149,264730,139,1103,107,0.0
140,38738,5841,16651,266544,143,1102,100,0.0
141,37741,5550,16025,268456,145,997,96,0.0
142,36769,5354,15487,270161,146,972,99,0.0
143,35764,5179,14901,271922,151,1005,88,0.0
144,34852,4988,14316,273608,153,912,80,0.0
145,33984,4754,13914,275108,157,868,85,0.0
146,33127,4614,13436,276582,158,857,81,0.0
147,32290,4479,12888,278101,159,837,76,0.0
148,31484,4280,12515,279476,162,806,75,0.0
149,30716,4136,12019,280879,167,768,75,0.0
150,29925,4059,11546,282214,173,791,63,0.0
151,29171,3956,11163,283454,173,754,68,0.0
152,28463,3827,10749,284704,174,708,62,0.0
153,27807,3677,10363,285896,174,656,60,0.0
154,27182,3534,9960,287065,176,625,73,0.0
155,26585,3340,9710,288104,178,597,62,0.0
156,25994,3177,9436,289130,180,591,53,0.0
157,25346,3117,9076,290198,180,648,47,0.0
158,24733,3074,8773,291156,181,613,47,0.0
159,24203,2979,8459,292091,185,530,62,0.0
160,23659,2926,8144,293002,186,544,58,0.0
161,23158,2836,7837,293899,187,501,40,0.0
162,22656,2690,7633,294749,189,502,45,0.0
163,22162,2571,7423,295571,190,494,41,0.0
164,21661,2542,7095,296427,192,501,47,0.0
165,21226,2433,6837,297228,193,435,46,0.0
166,20781,2377,6585,297979,195,445,43,0.0
167,20314,2342,6383,298683,195,467,36,0.0
168,19871,2291,6213,299346,196,443,34,0.0
169,19473,2188,6083,299975,198,398,34,0.0
170,19056,2170,5886,300606,199,417,30,0.0
171,18653,2128,5641,301295,200,403,33,0.0
172,18311,2003,5455,301948,200,342,25,0.0
173,17933,1938,5330,302516,200,378,43,0.0
174,17547,1926,5149,303095,200,386,31,0.0
175,17191,1865,5036,303625,200,356,32,0.0
176,16847,1806,4912,304152,200,344,29,0.0
177,16546,1765,4729,304677,200,301,27,0.0
178,16218,1715,4589,305194,201,328,37,0.0
179,15926,1621,4503,305666,201,292,31,0.0
180,15614,1577,4385,306140,201,312,18,0.0
