#time,susceptible,exposed,infectious,recovered,dead,num infections today,num hospitalisations today,num hospitalisations today (data)
-29,239639,426,0,0,0,0,0,0.0
-28,239639,426,0,0,0,0,0,0.0
-27,239639,426,0,0,0,0,0,0.0
-26,239639,426,0,0,0,0,0,0.0
-25,239639,426,0,0,0,0,0,0.0
-24,239639,426,0,0,0,0,0,0.0
-23,239639,426,0,0,0,0,0,0.0
-22,239639,426,0,0,0,0,0,0.0
-21,239639,426,0,0,0,0,0,0.0
-20,239639,426,0,0,0,0,0,0.0
-19,239639,426,0,0,0,0,0,0.0
-18,239639,426,0,0,0,0,0,0.0
-17,239639,426,0,0,0,0,0,0.0
-16,239639,375,51,0,0,0,0,0.0
-15,239636,378,51,0,0,3,0,0.0
-14,239635,362,68,0,0,1,0,0.0
-13,239634,346,85,0,0,1,0,0.0
-12,239632,331,102,0,0,2,0,0.0
-11,239625,321,119,0,0,7,0,0.0
-10,239618,274,173,0,0,7,5,0.0
-9,239610,196,259,0,0,8,0,0.0
-8,239599,137,329,0,0,11,2,0.0
-7,239587,113,319,46,0,12,0,0.0
-6,239570,55,394,46,0,17,2,0.0
-5,239549,69,386,61,0,21,0,0.0
-4,239527,83,377,78,0,22,3,0.0
-3,239496,103,373,93,0,31,8,0.0
-2,239474,113,368,110,0,22,2,0.0
-1,239447,123,334,161,0,27,1,0.0
0,239410,139,277,239,0,37,3,40.0
1,239366,161,231,307,0,44,0,7.0
2,239332,164,227,342,0,34,1,10.0
3,239289,185,176,415,0,43,2,4.0
4,239237,210,196,422,0,52,1,3.0
5,239191,219,225,430,0,46,2,5.0
6,239125,241,258,441,0,66,3,6.0
7,239071,261,281,452,0,54,1,6.0
8,239008,281,309,467,0,63,2,9.0
9,238938,299,342,486,0,70,3,12.0
10,238873,318,367,507,0,65,1,7.0
11,238802,323,404,536,0,71,0,11.0
12,238696,375,439,555,0,106,2,18.0
13,238604,404,476,581,0,92,2,13.0
14,238503,435,508,618,1,101,2,27.0
15,238404,469,526,665,1,99,5,23.0
16,238369,433,565,697,1,35,2,33.0
17,238329,367,628,740,1,40,2,23.0
18,238270,334,673,787,1,59,2,35.0
19,238215,288,729,832,1,55,6,26.0
20,238170,234,764,896,1,45,4,23.0
21,238119,250,746,949,1,51,1,15.0
22,238067,262,722,1013,1,52,7,1.0
23,238049,221,713,1081,1,18,4,0.0
24,238028,187,703,1146,1,21,4,0.0
25,238008,162,681,1213,1,20,10,0.0
26,237995,124,630,1315,1,13,6,0.0
27,237974,93,592,1405,1,21,2,0.0
28,237949,100,515,1500,1,25,1,0.0
29,237923,105,441,1595,1,26,1,0.0
30,237889,119,426,1630,1,34,7,0.0
31,237867,128,397,1672,1,22,1,0.0
32,237842,132,359,1731,1,25,3,0.0
33,237814,135,333,1782,1,28,0,0.0
34,237794,129,312,1829,1,20,1,0.0
35,237774,115,297,1878,1,20,3,0.0
36,237743,124,267,1930,1,31,2,0.0
37,237722,120,273,1949,1,21,0,0.0
38,237699,115,282,1968,1,23,1,0.0
39,237670,124,281,1989,1,29,1,0.0
40,237645,129,283,2007,1,25,2,0.0
41,237617,126,292,2029,1,28,1,0.0
42,237588,134,287,2055,1,29,2,0.0
43,237563,136,285,2080,1,25,1,0.0
44,237539,131,277,2117,1,24,0,0.0
45,237515,130,279,2140,1,24,0,0.0
46,237487,130,282,2165,1,28,0,0.0
47,237459,129,276,2200,1,28,1,0.0
48,237437,126,277,2224,1,22,0,0.0
49,237409,130,278,2247,1,28,4,0.0
50,237372,143,262,2287,1,37,0,0.0
51,237346,141,263,2314,1,26,2,0.0
52,237318,141,270,2335,1,28,5,0.0
53,237288,149,262,2365,1,30,0,0.0
54,237252,157,266,2389,1,36,0,0.0
55,237223,149,274,2418,1,29,1,0.0
56,237191,155,270,2448,1,32,2,0.0
57,237154,164,271,2475,1,37,0,0.0
58,237125,163,278,2498,1,29,2,0.0
59,237094,158,291,2521,1,31,1,0.0
60,237061,162,289,2552,1,33,0,0.0
61,237023,168,293,2580,1,38,3,0.0
62,236986,168,309,2601,1,37,1,0.0
63,236951,174,309,2630,1,35,1,0.0
64,236919,175,305,2665,1,32,2,0.0
65,236880,181,311,2692,1,39,2,0.0
66,236859,164,321,2720,1,21,2,0.0
67,236819,167,328,2750,1,40,2,0.0
68,236781,170,328,2785,1,38,3,0.0
69,236740,179,333,2812,1,41,1,0.0
70,236712,168,342,2842,1,28,0,0.0
71,236674,185,329,2876,1,38,1,0.0
72,236644,175,340,2905,1,30,0,0.0
73,236606,175,347,2936,1,38,1,0.0
74,236566,174,352,2972,1,40,1,0.0
75,236536,176,342,3010,1,30,0,0.0
76,236486,188,342,3048,1,50,3,0.0
77,236438,206,333,3087,1,48,4,0.0
78,236400,206,339,3119,1,38,0,0.0
79,236356,210,343,3155,1,44,1,0.0
80,236310,226,355,3173,1,46,1,0.0
81,236267,219,363,3215,1,43,2,0.0
82,236224,214,374,3252,1,43,2,0.0
83,236176,224,370,3294,1,48,2,0.0
84,236140,216,387,3321,1,36,1,0.0
85,236092,218,397,3357,1,48,0,0.0
86,236048,219,409,3388,1,44,2,0.0
87,235987,237,414,3426,1,61,3,0.0
88,235944,232,421,3467,1,43,5,0.0
89,235898,242,427,3497,1,46,2,0.0
90,235848,244,426,3546,1,50,2,0.0
91,235797,251,425,3591,1,51,1,0.0
92,235759,228,448,3629,1,38,2,0.0
93,235708,236,445,3675,1,51,3,0.0
94,235397,501,445,3721,1,311,8,0.0
95,235109,739,454,3762,1,288,4,0.0
96,234810,987,464,3803,1,299,1,0.0
97,234496,1263,459,3846,1,314,2,0.0
98,234161,1547,477,3879,1,335,3,0.0
99,233838,1559,740,3927,1,323,1,0.0
100,233497,1612,986,3969,1,341,0,0.0
101,233133,1677,1224,4030,1,364,5,0.0
102,232757,1739,1492,4076,1,376,3,0.0
103,232357,1804,1781,4122,1,400,1,0.0
104,231922,1916,2058,4168,1,435,4,0.0
105,231466,2031,2350,4217,1,456,19,0.0
106,231016,2117,2675,4256,1,450,20,0.0
107,230501,2256,3002,4305,1,515,12,0.0
108,229997,2360,3108,4599,1,504,18,0.0
109,229410,2512,3275,4867,1,587,19,0.0
110,228804,2662,3444,5154,1,606,21,0.0
111,228120,2896,3595,5453,1,684,18,0.0
112,227434,3067,3790,5772,2,686,20,0.0
113,226721,3276,3988,6078,2,713,19,0.0
114,225945,3465,4247,6406,2,776,22,0.0
115,225128,3676,4506,6753,2,817,19,0.0
116,224303,3817,4831,7112,2,825,29,0.0
117,223406,4028,5137,7492,2,897,21,0.0
118,222445,4276,5429,7913,2,961,35,0.0
119,221455,4490,5767,8351,2,990,22,0.0
120,220390,4738,6150,8785,2,1065,38,0.0
121,219319,4984,6494,9266,2,1071,27,0.0
122,218177,5229,6906,9751,2,1142,49,0.0
123,216947,5498,7312,10305,3,1230,42,0.0
124,215772,5683,7722,10885,3,1175,40,0.0
125,214486,5904,8148,11524,3,1286,42,0.0
126,213176,6143,8566,12177,3,1310,54,0.0
127,211827,6350,9030,12855,3,1349,48,0.0
128,210365,6582,9522,13592,4,1462,55,0.0
129,208867,6905,9926,14363,4,1498,63,0.0
130,207292,7194,10416,15158,5,1575,55,0.0
131,205645,7531,10864,16020,5,1647,69,0.0
132,203901,7926,11296,16936,6,1744,64,0.0
133,202130,8235,11804,17890,6,1771,65,0.0
134,200368,8499,12280,18912,6,1762,79,0.0
135,198625,8667,12825,19942,6,1743,67,0.0
136,196762,8883,13375,21039,6,1863,71,0.0
137,194831,9070,13948,22210,6,1931,61,0.0
138,192862,9268,14586,23343,6,1969,76,0.0
139,190842,9526,15108,24583,6,2020,92,0.0
140,188835,9790,15578,25856,6,2007,92,0.0
141,186745,10017,16139,27158,6,2090,87,0.0
142,184507,10324,16676,28552,6,2238,99,0.0
143,182287,10575,17201,29996,6,2220,91,0.0
144,179998,10844,17706,31511,6,2289,109,0.0
145,177739,11096,18127,33095,8,2259,94,0.0
146,175499,11246,18531,34778,11,2240,98,0.0
147,173196,11311,19044,36501,13,2303,122,0.0
148,170812,11475,19555,38210,13,2384,112,0.0
149,168496,11502,20150,39902,15,2316,117,0.0
150,166253,11486,20626,41683,17,2243,115,0.0
151,163937,11562,20993,43556,17,2316,117,0.0
152,161582,11614,21389,45463,17,2355,118,0.0
153,159097,11715,21804,47432,17,2485,137,0.0
154,156701,11795,22167,49385,17,2396,143,0.0
155,154298,11955,22375,51420,17,2403,130,0.0
156,151981,11956,22515,53596,17,2317,126,0.0
157,149651,11931,22726,55739,18,2330,138,0.0
158,147391,11706,22986,57963,19,2260,148,0.0
159,145039,11662,23163,60182,19,2352,141,0.0
160,142827,11471,23391,62356,20,2212,145,0.0
161,140593,11388,23468,64595,21,2234,145,0.0
162,138308,11343,23487,66905,22,2285,140,0.0
163,136125,11266,23502,69150,22,2183,137,0.0
164,133987,11052,23657,71346,23,2138,166,0.0
165,131874,10953,23599,73616,23,2113,151,0.0
166,129814,10779,23525,75924,23,2060,134,0.0
167,127670,10638,23380,78351,26,2144,122,0.0
168,125549,10576,23221,80693,26,2121,146,0.0
169,123436,10551,22981,83069,28,2113,123,0.0
170,121326,10548,22799,85362,30,2110,144,0.0
171,119327,10487,22576,87644,31,1999,145,0.0
172,117326,10344,22461,89899,35,2001,136,0.0
173,115409,10140,22254,92226,36,1917,138,0.0
174,113526,9910,22181,94411,37,1883,151,0.0
175,111674,9652,22066,96634,39,1852,137,0.0
176,109816,9511,21793,98905,40,1858,145,0.0
177,107989,9337,21647,101051,41,1827,139,0.0
178,106165,9244,21426,103188,42,1824,118,0.0
179,104514,9012,21198,105299,42,1651,121,0.0
180,102723,8951,20995,107353,43,1791,131,0.0
