#time,susceptible,exposed,infectious,recovered,dead,num infections today,num hospitalisations today,num hospitalisations today (data)
-29,239311,425,0,0,0,0,0,0.0
-28,239311,425,0,0,0,0,0,0.0
-27,239311,425,0,0,0,0,0,0.0
-26,239311,425,0,0,0,0,0,0.0
-25,239311,425,0,0,0,0,0,0.0
-24,239311,425,0,0,0,0,0,0.0
-23,239311,425,0,0,0,0,0,0.0
-22,239311,425,0,0,0,0,0,0.0
-21,239311,425,0,0,0,0,0,0.0
-20,239311,425,0,0,0,0,0,0.0
-19,239311,425,0,0,0,0,0,0.0
-18,239311,425,0,0,0,0,0,0.0
-17,239311,425,0,0,0,0,0,0.0
-16,239311,374,51,0,0,0,0,0.0
-15,239311,374,51,0,0,0,0,0.0
-14,239309,359,68,0,0,2,0,0.0
-13,239306,345,85,0,0,3,0,0.0
-12,239305,329,102,0,0,1,0,0.0
-11,239302,315,119,0,0,3,0,0.0
-10,239296,270,170,0,0,6,3,0.0
-9,239286,193,257,0,0,10,0,0.0
-8,239276,132,328,0,0,10,2,0.0
-7,239260,113,315,48,0,16,3,0.0
-6,239245,57,386,48,0,15,0,0.0
-5,239227,69,377,63,0,18,1,0.0
-4,239196,90,373,77,0,31,3,0.0
-3,239171,105,366,94,0,25,3,0.0
-2,239138,122,366,110,0,33,10,0.0
-1,239104,141,333,158,0,34,4,0.0
0,239056,171,267,242,0,48,4,40.0
1,239000,196,237,303,0,56,2,7.0
2,238949,222,231,334,0,51,0,10.0
3,238907,231,197,401,0,42,1,4.0
4,238835,269,227,405,0,72,1,3.0
5,238772,284,265,415,0,63,1,5.0
6,238704,296,311,425,0,68,2,6.0
7,238638,311,347,440,0,66,5,6.0
8,238572,335,375,454,0,66,2,9.0
9,238490,345,431,470,0,82,1,12.0
10,238419,353,467,497,0,71,5,7.0
11,238309,395,512,520,0,110,3,11.0
12,238204,434,546,552,0,105,5,18.0
13,238110,462,582,582,0,94,5,13.0
14,238000,490,619,627,0,110,2,27.0
15,237857,562,636,681,0,143,4,23.0
16,237815,494,698,728,1,42,3,33.0
17,237754,450,761,770,1,61,2,23.0
18,237695,415,784,841,1,59,5,35.0
19,237647,353,834,901,1,48,1,26.0
20,237594,263,910,968,1,53,4,23.0
21,237539,276,888,1032,1,55,4,15.0
22,237474,280,882,1099,1,65,1,1.0
23,237448,247,854,1186,1,26,3,0.0
24,237430,217,831,1257,1,18,12,0.0
25,237404,190,771,1370,1,26,6,0.0
26,237373,166,723,1473,1,31,6,0.0
27,237340,134,706,1555,1,33,2,0.0
28,237321,127,627,1660,1,19,1,0.0
29,237291,139,506,1799,1,30,5,0.0
30,237265,139,491,1840,1,26,4,0.0
31,237235,138,460,1902,1,30,4,0.0
32,237195,145,434,1961,1,40,1,0.0
33,237172,149,406,2008,1,23,7,0.0
34,237143,148,385,2059,1,29,1,0.0
35,237114,151,352,2118,1,29,1,0.0
36,237090,145,320,2180,1,24,3,0.0
37,237062,133,330,2210,1,28,3,0.0
38,237030,142,331,2232,1,32,0,0.0
39,236987,156,335,2257,1,43,0,0.0
40,236950,164,332,2289,1,37,1,0.0
41,236926,164,320,2325,1,24,2,0.0
42,236890,172,327,2346,1,36,0,0.0
43,236862,168,325,2380,1,28,6,0.0
44,236839,148,343,2405,1,23,4,0.0
45,236803,147,348,2437,1,36,1,0.0
46,236761,165,333,2476,1,42,2,0.0
47,236729,161,349,2496,1,32,1,0.0
48,236686,176,347,2526,1,43,3,0.0
49,236643,196,332,2564,1,43,3,0.0
50,236599,204,340,2592,1,44,3,0.0
51,236565,196,350,2623,2,34,4,0.0
52,236527,202,350,2655,2,38,2,0.0
53,236488,198,352,2696,2,39,1,0.0
54,236440,203,357,2734,2,48,2,0.0
55,236397,202,374,2761,2,43,3,0.0
56,236361,204,369,2800,2,36,3,0.0
57,236327,200,379,2828,2,34,3,0.0
58,236293,195,392,2854,2,34,1,0.0
59,236252,188,405,2889,2,41,2,0.0
60,236209,188,407,2930,2,43,2,0.0
61,236169,192,409,2964,2,40,2,0.0
62,236129,198,400,3007,2,40,0,0.0
63,236083,210,393,3048,2,46,3,0.0
64,236033,219,392,3090,2,50,1,0.0
65,235987,222,400,3125,2,46,4,0.0
66,235939,230,402,3163,2,48,2,0.0
67,235894,235,404,3201,2,45,1,0.0
68,235846,237,402,3249,2,48,4,0.0
69,235792,241,407,3294,2,54,2,0.0
70,235731,256,417,3330,2,61,3,0.0
71,235686,253,434,3361,2,45,4,0.0
72,235647,247,445,3394,3,39,4,0.0
73,235591,255,452,3434,4,56,1,0.0
74,235545,247,464,3476,4,46,1,0.0
75,235490,241,487,3514,4,55,1,0.0
76,235439,247,490,3556,4,51,4,0.0
77,235392,255,482,3603,4,47,0,0.0
78,235347,244,488,3653,4,45,4,0.0
79,235298,247,491,3696,4,49,4,0.0
80,235247,243,496,3746,4,51,4,0.0
81,235195,244,502,3791,4,52,3,0.0
82,235151,241,503,3837,4,44,0,0.0
83,235092,255,497,3888,4,59,1,0.0
84,235041,257,486,3948,4,51,3,0.0
85,234986,261,490,3995,4,55,3,0.0
86,234938,257,502,4035,4,48,1,0.0
87,234879,272,493,4088,4,59,3,0.0
88,234824,268,506,4134,4,55,1,0.0
89,234771,270,502,4189,4,53,0,0.0
90,234724,262,505,4241,4,47,2,0.0
91,234658,280,505,4289,4,66,4,0.0
92,234584,295,518,4335,4,74,4,0.0
93,234519,305,522,4386,4,65,4,0.0
94,234320,451,525,4436,4,199,1,0.0
95,234135,589,521,4487,4,185,0,0.0
96,233928,730,542,4532,4,207,2,0.0
97,233717,867,555,4593,4,211,2,0.0
98,233529,990,568,4645,4,188,4,0.0
99,233339,981,713,4699,4,190,0,0.0
100,233125,1010,850,4747,4,214,2,0.0
101,232925,1003,997,4807,4,200,0,0.0
102,232732,985,1153,4862,4,193,5,0.0
103,232530,999,1286,4917,4,202,4,0.0
104,232333,1006,1425,4968,4,197,3,0.0
105,232100,1025,1573,5034,4,233,11,0.0
106,231862,1063,1700,5107,4,238,12,0.0
107,231597,1135,1831,5169,4,265,10,0.0
108,231350,1180,1844,5358,4,247,13,0.0
109,231108,1225,1865,5534,4,242,12,0.0
110,230881,1219,1899,5733,4,227,16,0.0
111,230619,1243,1938,5932,4,262,11,0.0
112,230344,1253,2025,6110,4,275,20,0.0
113,230077,1273,2097,6285,4,267,9,0.0
114,229801,1307,2136,6488,4,276,15,0.0
115,229504,1377,2180,6671,4,297,14,0.0
116,229214,1405,2255,6858,4,290,11,0.0
117,228919,1425,2339,7049,4,295,12,0.0
118,228627,1450,2419,7236,4,292,8,0.0
119,228310,1491,2469,7462,4,317,9,0.0
120,228014,1490,2540,7688,4,296,15,0.0
121,227666,1548,2571,7947,4,348,8,0.0
122,227331,1588,2625,8188,4,335,13,0.0
123,226996,1631,2683,8422,4,335,9,0.0
124,226661,1649,2781,8641,4,335,15,0.0
125,226319,1695,2824,8894,4,342,16,0.0
126,225956,1710,2906,9160,4,363,23,0.0
127,225552,1779,2984,9417,4,404,12,0.0
128,225211,1785,3053,9683,4,341,18,0.0
129,224836,1825,3109,9962,4,375,14,0.0
130,224438,1881,3159,10251,7,398,12,0.0
131,224051,1905,3233,10540,7,387,27,0.0
132,223660,1892,3348,10829,7,391,27,0.0
133,223258,1953,3370,11147,8,402,18,0.0
134,222870,1966,3460,11432,8,388,18,0.0
135,222410,2028,3522,11768,8,460,23,0.0
136,221954,2097,3581,12096,8,456,27,0.0
137,221544,2116,3638,12430,8,410,24,0.0
138,221130,2128,3719,12751,8,414,24,0.0
139,220671,2199,3776,13082,8,459,14,0.0
140,220227,2183,3882,13436,8,444,31,0.0
141,219738,2216,3946,13828,8,489,13,0.0
142,219281,2263,4016,14168,8,457,36,0.0
143,218828,2302,4075,14523,8,453,27,0.0
144,218327,2344,4141,14916,8,501,20,0.0
145,217831,2396,4218,15283,8,496,21,0.0
146,217328,2410,4330,15660,8,503,24,0.0
147,216791,2490,4388,16059,8,537,20,0.0
148,216251,2577,4460,16439,9,540,24,0.0
149,215705,2622,4509,16891,9,546,19,0.0
150,215182,2649,4554,17340,11,523,18,0.0
151,214630,2698,4647,17750,11,552,22,0.0
152,214106,2685,4774,18160,11,524,35,0.0
153,213538,2713,4855,18619,11,568,19,0.0
154,212981,2724,4961,19058,12,557,25,0.0
155,212387,2795,5018,19524,12,594,29,0.0
156,211775,2855,5106,19988,12,612,34,0.0
157,211186,2920,5178,20440,12,589,32,0.0
158,210605,2933,5256,20930,12,581,46,0.0
159,210011,2970,5334,21408,13,594,42,0.0
160,209393,2994,5434,21902,13,618,43,0.0
161,208784,2991,5527,22421,13,609,32,0.0
162,208155,3031,5597,22940,13,629,43,0.0
163,207521,3084,5654,23464,13,634,32,0.0
164,206836,3175,5743,23969,13,685,28,0.0
165,206202,3191,5815,24514,14,634,31,0.0
166,205529,3255,5919,25019,14,673,38,0.0
167,204887,3268,5970,25595,16,642,41,0.0
168,204206,3315,6052,26147,16,681,41,0.0
169,203553,3283,6158,26724,18,653,36,0.0
170,202881,3321,6198,27317,19,672,47,0.0
171,202126,3403,6295,27893,19,755,37,0.0
172,201432,3455,6372,28456,21,694,35,0.0
173,200741,3465,6476,29032,22,691,50,0.0
174,200040,3513,6531,29630,22,701,33,0.0
175,199319,3562,6606,30226,23,721,39,0.0
176,198602,3524,6756,30831,23,717,44,0.0
177,197811,3621,6817,31464,23,791,43,0.0
178,197021,3720,6842,32130,23,790,33,0.0
179,196249,3791,6929,32744,23,772,47,0.0
180,195493,3826,6990,33403,24,756,22,0.0
