#time,susceptible,exposed,infectious,recovered,dead,num infections today,num hospitalisations today,num hospitalisations today (data)
-29,240360,425,0,0,0,0,0,0.0
-28,240360,425,0,0,0,0,0,0.0
-27,240360,425,0,0,0,0,0,0.0
-26,240360,425,0,0,0,0,0,0.0
-25,240360,425,0,0,0,0,0,0.0
-24,240360,425,0,0,0,0,0,0.0
-23,240360,425,0,0,0,0,0,0.0
-22,240360,425,0,0,0,0,0,0.0
-21,240360,425,0,0,0,0,0,0.0
-20,240360,425,0,0,0,0,0,0.0
-19,240360,425,0,0,0,0,0,0.0
-18,240360,425,0,0,0,0,0,0.0
-17,240360,425,0,0,0,0,0,0.0
-16,240360,374,51,0,0,0,0,0.0
-15,240360,374,51,0,0,0,0,0.0
-14,240358,359,68,0,0,2,0,0.0
-13,240356,344,85,0,0,2,0,0.0
-12,240353,330,102,0,0,3,0,0.0
-11,240348,318,119,0,0,5,0,0.0
-10,240345,270,170,0,0,3,4,0.0
-9,240338,190,257,0,0,7,0,0.0
-8,240328,130,327,0,0,10,0,0.0
-7,240314,107,317,47,0,14,0,0.0
-6,240300,48,390,47,0,14,1,0.0
-5,240272,73,376,64,0,28,2,0.0
-4,240252,86,366,81,0,20,1,0.0
-3,240226,102,360,97,0,26,7,0.0
-2,240193,121,359,112,0,33,2,0.0
-1,240159,141,323,162,0,34,2,0.0
0,240125,147,271,242,0,34,3,40.0
1,240064,188,223,310,0,61,0,7.0
2,240024,202,214,345,0,40,0,10.0
3,239976,217,177,415,0,48,2,4.0
4,239923,236,208,418,0,53,2,3.0
5,239862,263,235,425,0,61,3,5.0
6,239802,262,287,434,0,60,1,6.0
7,239731,293,315,446,0,71,2,6.0
8,239670,306,351,458,0,61,4,9.0
9,239596,327,377,485,0,74,1,12.0
10,239524,338,420,503,0,72,1,7.0
11,239449,353,458,525,0,75,4,11.0
12,239347,384,497,557,0,102,2,18.0
13,239263,407,525,590,0,84,1,13.0
14,239149,447,569,620,0,114,1,27.0
15,239036,488,578,683,0,113,3,23.0
16,239001,448,613,723,0,35,3,33.0
17,238970,377,668,770,0,31,4,23.0
18,238921,342,702,820,0,49,1,35.0
19,238872,277,757,879,0,49,1,26.0
20,238817,219,812,937,0,55,4,23.0
21,238758,243,776,1008,0,59,4,15.0
22,238707,263,741,1074,0,51,1,1.0
23,238686,235,718,1146,0,21,6,0.0
24,238667,205,698,1215,0,19,3,0.0
25,238650,167,676,1292,0,17,7,0.0
26,238624,134,639,1388,0,26,5,0.0
27,238604,103,609,1469,0,20,1,0.0
28,238583,103,521,1578,0,21,1,0.0
29,238556,111,430,1688,0,27,1,0.0
30,238540,110,409,1726,0,16,2,0.0
31,238520,104,404,1757,0,20,3,0.0
32,238494,110,375,1806,0,26,1,0.0
33,238469,114,344,1858,0,25,1,0.0
34,238443,113,316,1913,0,26,1,0.0
35,238420,120,273,1972,0,23,2,0.0
36,238400,120,239,2026,0,20,2,0.0
37,238380,114,243,2048,0,20,1,0.0
38,238354,115,250,2066,0,26,1,0.0
39,238325,118,259,2083,0,29,2,0.0
40,238307,113,254,2111,0,18,3,0.0
41,238287,113,250,2134,1,20,0,0.0
42,238255,125,247,2157,1,32,3,0.0
43,238222,132,247,2183,1,33,0,0.0
44,238195,130,259,2200,1,27,0,0.0
45,238161,146,256,2221,1,34,0,0.0
46,238123,164,247,2250,1,38,1,0.0
47,238092,163,253,2276,1,31,2,0.0
48,238055,167,255,2307,1,37,1,0.0
49,238024,171,258,2331,1,31,1,0.0
50,237997,164,269,2354,1,27,2,0.0
51,237968,155,283,2378,1,29,1,0.0
52,237951,141,288,2404,1,17,2,0.0
53,237918,137,297,2432,1,33,3,0.0
54,237891,133,310,2450,1,27,0,0.0
55,237859,138,317,2470,1,32,2,0.0
56,237828,140,314,2502,1,31,1,0.0
57,237798,153,298,2535,1,30,1,0.0
58,237762,156,305,2561,1,36,2,0.0
59,237713,178,299,2594,1,49,2,0.0
60,237681,178,292,2633,1,32,3,0.0
61,237651,177,292,2664,1,30,3,0.0
62,237616,182,286,2700,1,35,1,0.0
63,237577,185,293,2729,1,39,3,0.0
64,237538,175,315,2756,1,39,3,0.0
65,237496,185,316,2787,1,42,1,0.0
66,237451,200,332,2801,1,45,4,0.0
67,237419,197,334,2834,1,32,0,0.0
68,237389,188,347,2860,1,30,1,0.0
69,237345,193,358,2888,1,44,1,0.0
70,237315,181,369,2919,1,30,3,0.0
71,237272,179,385,2948,1,43,1,0.0
72,237242,177,380,2985,1,30,1,0.0
73,237201,188,362,3033,1,41,1,0.0
74,237164,181,374,3065,1,37,0,0.0
75,237122,193,373,3096,1,42,3,0.0
76,237076,196,381,3131,1,46,2,0.0
77,237045,197,370,3172,1,31,5,0.0
78,236929,272,372,3211,1,116,2,0.0
79,236820,344,369,3251,1,109,2,0.0
80,236694,428,370,3292,1,126,3,0.0
81,236555,521,385,3323,1,139,3,0.0
82,236429,616,387,3352,1,126,4,0.0
83,236283,646,460,3395,1,146,1,0.0
84,236156,664,539,3425,1,127,6,0.0
85,236031,663,623,3467,1,125,4,0.0
86,235913,642,730,3499,1,118,1,0.0
87,235785,644,820,3535,1,128,3,0.0
88,235624,659,930,3571,1,161,0,0.0
89,235470,686,1014,3614,1,154,11,0.0
90,235320,711,1094,3659,1,150,7,0.0
91,235179,734,1177,3694,1,141,6,0.0
92,235014,771,1200,3799,1,165,11,0.0
93,234826,798,1258,3902,1,188,9,0.0
94,234674,796,1290,4024,1,152,6,0.0
95,234515,805,1309,4155,1,159,8,0.0
96,234349,830,1332,4273,1,166,6,0.0
97,234170,844,1356,4414,1,179,8,0.0
98,233975,851,1424,4534,1,195,10,0.0
99,233788,886,1457,4653,1,187,6,0.0
100,233601,914,1504,4765,1,187,7,0.0
101,233407,942,1550,4885,1,194,11,0.0
102,233192,978,1569,5045,1,215,7,0.0
103,232972,1003,1614,5195,1,220,7,0.0
104,232767,1021,1659,5337,1,205,7,0.0
105,232541,1060,1709,5474,1,226,6,0.0
106,232296,1111,1743,5634,1,245,10,0.0
107,232036,1156,1773,5819,1,260,8,0.0
108,231808,1164,1845,5967,1,228,5,0.0
109,231553,1214,1894,6123,1,255,9,0.0
110,231289,1252,1958,6285,1,264,10,0.0
111,231010,1286,2028,6460,1,279,13,0.0
112,230713,1323,2099,6649,1,297,13,0.0
113,230443,1365,2148,6827,2,270,7,0.0
114,230159,1394,2218,7012,2,284,14,0.0
115,229872,1417,2293,7201,2,287,12,0.0
116,229570,1440,2358,7415,2,302,19,0.0
117,229259,1454,2438,7632,2,311,13,0.0
118,228970,1473,2506,7834,2,289,19,0.0
119,228620,1539,2578,8046,2,350,16,0.0
120,228302,1570,2626,8285,2,318,18,0.0
121,227951,1619,2678,8535,2,351,17,0.0
122,227571,1688,2768,8756,2,380,30,0.0
123,227193,1777,2808,9005,2,378,19,0.0
124,226806,1814,2906,9257,2,387,14,0.0
125,226392,1910,2967,9514,2,414,20,0.0
126,225993,1958,3028,9804,2,399,16,0.0
127,225627,1944,3143,10068,3,366,13,0.0
128,225203,1990,3247,10342,3,424,23,0.0
129,224777,2029,3353,10622,4,426,16,0.0
130,224351,2041,3472,10917,4,426,18,0.0
131,223909,2084,3570,11218,4,442,22,0.0
132,223464,2163,3652,11501,5,445,17,0.0
133,223005,2198,3737,11839,6,459,18,0.0
134,222510,2267,3856,12146,6,495,24,0.0
135,222018,2333,3938,12490,6,492,19,0.0
136,221582,2327,4005,12865,6,436,29,0.0
137,221103,2361,4085,13230,6,479,30,0.0
138,220590,2415,4169,13605,6,513,19,0.0
139,220023,2487,4265,14004,6,567,34,0.0
140,219504,2514,4375,14386,6,519,21,0.0
141,218962,2620,4446,14751,6,542,36,0.0
142,218383,2720,4522,15154,6,579,29,0.0
143,217812,2778,4610,15579,6,571,24,0.0
144,217246,2777,4772,15984,6,566,30,0.0
145,216666,2838,4859,16416,6,580,21,0.0
146,216074,2888,4958,16859,6,592,33,0.0
147,215468,2915,5080,17316,6,606,27,0.0
148,214871,2941,5158,17809,6,597,19,0.0
149,214211,3035,5249,18284,6,660,30,0.0
150,213513,3153,5399,18714,6,698,39,0.0
151,212866,3208,5515,19190,6,647,31,0.0
152,212176,3292,5627,19684,6,690,34,0.0
153,211510,3361,5669,20239,6,666,30,0.0
154,210785,3426,5825,20743,6,725,38,0.0
155,210123,3390,6000,21266,6,662,38,0.0
156,209443,3423,6075,21838,6,680,39,0.0
157,208771,3405,6214,22389,6,672,43,0.0
158,208061,3449,6333,22936,6,710,40,0.0
159,207300,3485,6489,23505,6,761,29,0.0
160,206549,3574,6583,24073,6,751,26,0.0
161,205821,3622,6670,24666,6,728,43,0.0
162,205059,3712,6746,25262,6,762,49,0.0
163,204321,3740,6800,25917,7,738,45,0.0
164,203539,3761,6872,26605,8,782,43,0.0
165,202737,3812,7004,27224,8,802,31,0.0
166,201903,3918,7050,27906,8,834,41,0.0
167,201160,3899,7155,28562,9,743,47,0.0
168,200392,3929,7172,29282,10,768,44,0.0
169,199585,3954,7305,29929,12,807,32,0.0
170,198793,3944,7452,30584,12,792,39,0.0
171,197984,3919,7623,31246,13,809,32,0.0
172,197157,4003,7663,31949,13,827,42,0.0
173,196310,4082,7688,32692,13,847,42,0.0
174,195447,4138,7746,33441,13,863,40,0.0
175,194617,4176,7817,34162,13,830,60,0.0
176,193746,4238,7876,34912,13,871,57,0.0
177,192816,4341,7968,35647,13,930,63,0.0
178,191895,4415,8063,36399,13,921,50,0.0
179,190993,4454,8145,37180,13,902,43,0.0
180,190098,4519,8162,37992,14,895,41,0.0
