#time,susceptible,exposed,infectious,recovered,dead,num infections today,num hospitalisations today,num hospitalisations today (data)
-29,240188,425,0,0,0,0,0,0.0
-28,240188,425,0,0,0,0,0,0.0
-27,240188,425,0,0,0,0,0,0.0
-26,240188,425,0,0,0,0,0,0.0
-25,240188,425,0,0,0,0,0,0.0
-24,240188,425,0,0,0,0,0,0.0
-23,240188,425,0,0,0,0,0,0.0
-22,240188,425,0,0,0,0,0,0.0
-21,240188,425,0,0,0,0,0,0.0
-20,240188,425,0,0,0,0,0,0.0
-19,240188,425,0,0,0,0,0,0.0
-18,240188,425,0,0,0,0,0,0.0
-17,240188,425,0,0,0,0,0,0.0
-16,240188,374,51,0,0,0,0,0.0
-15,240188,374,51,0,0,0,0,0.0
-14,240187,358,68,0,0,1,0,0.0
-13,240183,345,85,0,0,4,0,0.0
-12,240179,332,102,0,0,4,0,0.0
-11,240173,321,119,0,0,6,0,0.0
-10,240170,273,170,0,0,3,1,0.0
-9,240164,193,256,0,0,6,0,0.0
-8,240157,128,328,0,0,7,1,0.0
-7,240143,104,316,50,0,14,2,0.0
-6,240128,45,390,50,0,15,1,0.0
-5,240103,67,377,66,0,25,0,0.0
-4,240079,85,368,81,0,24,2,0.0
-3,240047,110,359,97,0,32,2,0.0
-2,240006,137,356,114,0,41,6,0.0
-1,239956,172,322,163,0,50,0,0.0
0,239918,185,263,247,0,38,4,40.0
1,239875,204,220,314,0,43,0,7.0
2,239818,229,214,352,0,57,0,10.0
3,239755,251,185,422,0,63,0,4.0
4,239707,249,232,425,0,48,1,3.0
5,239643,275,264,431,0,64,1,5.0
6,239579,296,300,438,0,64,1,6.0
7,239515,303,344,451,0,64,1,6.0
8,239446,309,393,465,0,69,3,9.0
9,239374,333,417,489,0,72,2,12.0
10,239286,357,458,512,0,88,2,7.0
11,239198,381,493,541,0,88,1,11.0
12,239095,420,518,580,0,103,2,18.0
13,238990,456,539,628,0,105,2,13.0
14,238890,484,574,665,0,100,2,27.0
15,238774,512,620,707,0,116,4,23.0
16,238741,457,653,762,0,33,3,33.0
17,238704,391,694,824,0,37,3,23.0
18,238660,330,753,870,0,44,2,35.0
19,238613,277,791,932,0,47,1,26.0
20,238568,206,846,993,0,45,2,23.0
21,238518,223,815,1057,0,50,2,15.0
22,238461,243,781,1128,0,57,3,1.0
23,238446,214,749,1204,0,15,8,0.0
24,238417,196,710,1290,0,29,4,0.0
25,238400,168,666,1379,0,17,4,0.0
26,238373,145,620,1475,0,27,10,0.0
27,238356,105,576,1576,0,17,0,0.0
28,238326,120,495,1672,0,30,1,0.0
29,238305,112,417,1779,0,21,4,0.0
30,238279,121,400,1813,0,26,4,0.0
31,238250,123,389,1851,0,29,3,0.0
32,238221,135,364,1893,0,29,2,0.0
33,238195,131,348,1939,0,26,5,0.0
34,238171,134,325,1983,0,24,2,0.0
35,238142,137,300,2034,0,29,0,0.0
36,238120,130,276,2087,0,22,3,0.0
37,238088,133,289,2103,0,32,0,0.0
38,238058,137,285,2133,0,30,0,0.0
39,238033,138,291,2151,0,25,2,0.0
40,238005,137,289,2182,0,28,0,0.0
41,237971,149,291,2202,0,34,2,0.0
42,237937,151,292,2233,0,34,3,0.0
43,237909,149,299,2256,0,28,3,0.0
44,237885,148,299,2281,0,24,2,0.0
45,237856,149,299,2309,0,29,3,0.0
46,237817,154,305,2337,0,39,2,0.0
47,237782,155,313,2363,0,35,1,0.0
48,237746,163,312,2392,0,36,0,0.0
49,237718,167,306,2422,0,28,4,0.0
50,237681,175,310,2447,0,37,1,0.0
51,237649,168,308,2488,0,32,2,0.0
52,237614,168,317,2514,0,35,2,0.0
53,237575,171,329,2538,0,39,3,0.0
54,237541,177,327,2568,0,34,2,0.0
55,237511,170,330,2602,0,30,3,0.0
56,237464,185,328,2636,0,47,2,0.0
57,237430,184,335,2664,0,34,1,0.0
58,237386,189,349,2689,0,44,1,0.0
59,237342,199,354,2718,0,44,1,0.0
60,237299,212,346,2756,0,43,2,0.0
61,237266,198,356,2793,0,33,2,0.0
62,237225,205,355,2828,0,41,1,0.0
63,237132,254,373,2854,0,93,1,0.0
64,237051,291,381,2890,0,81,3,0.0
65,236971,328,393,2921,0,80,2,0.0
66,236892,374,390,2957,0,79,1,0.0
67,236813,412,392,2996,0,79,2,0.0
68,236738,394,450,3031,0,75,1,0.0
69,236670,381,500,3062,0,68,0,0.0
70,236597,374,532,3110,0,73,4,0.0
71,236519,373,576,3145,0,78,0,0.0
72,236429,384,610,3190,0,90,3,0.0
73,236339,399,645,3230,0,90,1,0.0
74,236254,416,666,3277,0,85,5,0.0
75,236179,418,708,3308,0,75,5,0.0
76,236101,418,744,3350,0,78,7,0.0
77,236016,413,744,3440,0,85,4,0.0
78,235918,421,755,3519,0,98,3,0.0
79,235805,449,765,3594,0,113,3,0.0
80,235729,450,762,3672,0,76,5,0.0
81,235640,461,762,3750,0,89,4,0.0
82,235553,463,774,3823,0,87,7,0.0
83,235451,467,808,3887,0,102,1,0.0
84,235352,453,851,3957,0,99,7,0.0
85,235248,481,852,4032,0,104,3,0.0
86,235123,517,849,4124,0,125,4,0.0
87,235000,553,852,4208,0,123,4,0.0
88,234877,574,870,4292,0,123,3,0.0
89,234779,573,894,4367,0,98,7,0.0
90,234663,585,922,4443,0,116,5,0.0
91,234558,565,963,4527,0,105,4,0.0
92,234431,569,993,4620,0,127,5,0.0
93,234323,554,1007,4729,0,108,4,0.0
94,234204,575,1033,4801,0,119,7,0.0
95,234074,589,1060,4890,0,130,9,0.0
96,233939,619,1081,4974,0,135,5,0.0
97,233784,647,1110,5072,0,155,7,0.0
98,233635,688,1125,5165,0,149,8,0.0
99,233478,726,1140,5269,0,157,4,0.0
100,233342,732,1147,5392,0,136,5,0.0
101,233184,755,1162,5512,0,158,8,0.0
102,233039,745,1193,5636,0,145,7,0.0
103,232894,741,1246,5732,0,145,8,0.0
104,232761,717,1292,5843,0,133,7,0.0
105,232614,728,1326,5945,0,147,4,0.0
106,232463,721,1359,6070,0,151,5,0.0
107,232263,776,1396,6178,0,200,9,0.0
108,232114,780,1425,6294,0,149,8,0.0
109,231958,803,1426,6426,0,156,10,0.0
110,231779,835,1442,6557,0,179,9,0.0
111,231581,882,1443,6707,0,198,12,0.0
112,231380,883,1500,6850,0,201,6,0.0
113,231194,920,1497,7002,0,186,8,0.0
114,231025,933,1523,7132,0,169,17,0.0
115,230832,947,1545,7289,0,193,9,0.0
116,230639,942,1601,7431,0,193,6,0.0
117,230407,973,1668,7565,0,232,11,0.0
118,230220,974,1727,7692,0,187,13,0.0
119,230013,1012,1748,7840,0,207,17,0.0
120,229795,1037,1793,7988,0,218,12,0.0
121,229576,1063,1794,8180,0,219,13,0.0
122,229343,1064,1889,8317,0,233,9,0.0
123,229113,1107,1925,8468,0,230,10,0.0
124,228884,1129,1962,8638,0,229,10,0.0
125,228679,1116,1985,8833,0,205,5,0.0
126,228462,1114,2007,9030,0,217,11,0.0
127,228255,1088,2057,9213,0,207,11,0.0
128,228008,1105,2116,9384,0,247,16,0.0
129,227771,1113,2154,9575,0,237,11,0.0
130,227541,1138,2174,9760,0,230,10,0.0
131,227281,1181,2166,9984,1,260,12,0.0
132,227054,1201,2189,10168,1,227,6,0.0
133,226796,1212,2232,10372,1,258,11,0.0
134,226524,1247,2254,10587,1,272,10,0.0
135,226254,1287,2260,10811,1,270,13,0.0
136,226008,1273,2285,11046,1,246,12,0.0
137,225726,1328,2285,11273,1,282,15,0.0
138,225473,1323,2319,11497,1,253,8,0.0
139,225186,1338,2381,11707,1,287,11,0.0
140,224888,1366,2439,11919,1,298,14,0.0
141,224591,1417,2481,12123,1,297,13,0.0
142,224290,1436,2514,12371,2,301,20,0.0
143,223976,1497,2528,12610,2,314,16,0.0
144,223654,1532,2580,12844,3,322,12,0.0
145,223325,1563,2627,13095,3,329,13,0.0
146,223023,1568,2698,13321,3,302,20,0.0
147,222684,1606,2747,13573,3,339,18,0.0
148,222359,1617,2792,13842,3,325,27,0.0
149,222035,1619,2854,14102,3,324,16,0.0
150,221713,1612,2949,14335,4,322,17,0.0
151,221385,1638,2984,14602,4,328,16,0.0
152,221059,1625,3075,14850,4,326,15,0.0
153,220722,1637,3114,15136,4,337,26,0.0
154,220344,1691,3145,15429,4,378,21,0.0
155,219993,1720,3173,15723,4,351,17,0.0
156,219642,1743,3215,16009,4,351,17,0.0
157,219317,1742,3239,16311,4,325,14,0.0
158,218965,1757,3260,16627,4,352,22,0.0
159,218597,1747,3319,16946,4,368,20,0.0
160,218239,1754,3367,17249,4,358,27,0.0
161,217874,1768,3388,17579,4,365,21,0.0
162,217456,1861,3394,17897,5,418,18,0.0
163,217056,1909,3439,18204,5,400,20,0.0
164,216647,1950,3493,18518,5,409,21,0.0
165,216280,1959,3528,18841,5,367,21,0.0
166,215898,1976,3572,19162,5,382,28,0.0
167,215511,1945,3657,19495,5,387,23,0.0
168,215133,1923,3683,19869,5,378,25,0.0
169,214715,1932,3753,20208,5,418,18,0.0
170,214308,1972,3777,20551,5,407,24,0.0
171,213861,2037,3838,20872,5,447,23,0.0
172,213424,2087,3870,21227,5,437,28,0.0
173,213013,2120,3880,21595,5,411,33,0.0
174,212528,2187,3948,21945,5,485,20,0.0
175,212066,2242,3996,22304,5,462,23,0.0
176,211637,2224,4041,22706,5,429,23,0.0
177,211184,2240,4083,23101,5,453,27,0.0
178,210737,2276,4082,23513,5,447,22,0.0
179,210279,2249,4202,23878,5,458,19,0.0
180,209841,2225,4294,24248,5,438,26,0.0
