#time,susceptible,exposed,infectious,recovered,dead,num infections today,num hospitalisations today,num hospitalisations today (data)
-29,239488,425,0,0,0,0,0,0.0
-28,239488,425,0,0,0,0,0,0.0
-27,239488,425,0,0,0,0,0,0.0
-26,239488,425,0,0,0,0,0,0.0
-25,239488,425,0,0,0,0,0,0.0
-24,239488,425,0,0,0,0,0,0.0
-23,239488,425,0,0,0,0,0,0.0
-22,239488,425,0,0,0,0,0,0.0
-21,239488,425,0,0,0,0,0,0.0
-20,239488,425,0,0,0,0,0,0.0
-19,239488,425,0,0,0,0,0,0.0
-18,239488,425,0,0,0,0,0,0.0
-17,239488,425,0,0,0,0,0,0.0
-16,239488,374,51,0,0,0,0,0.0
-15,239488,374,51,0,0,0,0,0.0
-14,239488,357,68,0,0,0,0,0.0
-13,239487,341,85,0,0,1,0,0.0
-12,239487,324,102,0,0,0,0,0.0
-11,239485,309,119,0,0,2,0,0.0
-10,239478,265,170,0,0,7,1,0.0
-9,239474,184,255,0,0,4,0,0.0
-8,239466,123,324,0,0,8,2,0.0
-7,239451,104,308,50,0,15,0,0.0
-6,239439,46,378,50,0,12,2,0.0
-5,239423,55,370,65,0,16,0,0.0
-4,239406,68,357,82,0,17,5,0.0
-3,239371,95,350,97,0,35,2,0.0
-2,239337,114,348,114,0,34,6,0.0
-1,239305,134,314,160,0,32,4,0.0
0,239270,153,247,243,0,35,6,40.0
1,239231,175,201,306,0,39,0,7.0
2,239179,192,206,336,0,52,1,10.0
3,239133,204,176,400,0,46,1,4.0
4,239092,213,201,407,0,41,3,3.0
5,239036,234,233,410,0,56,1,5.0
6,238976,255,265,417,0,60,1,6.0
7,238921,258,304,430,0,55,0,6.0
8,238863,270,338,442,0,58,2,9.0
9,238781,311,364,457,0,82,2,12.0
10,238702,334,403,474,0,79,1,7.0
11,238627,349,430,507,0,75,2,11.0
12,238537,384,453,539,0,90,3,18.0
13,238447,416,480,570,0,90,0,13.0
14,238340,441,529,603,0,107,2,27.0
15,238224,478,571,640,0,116,4,23.0
16,238182,445,594,692,0,42,2,33.0
17,238135,402,637,738,1,47,3,23.0
18,238088,359,689,776,1,47,2,35.0
19,238056,284,740,832,1,32,0,26.0
20,238010,214,799,889,1,46,4,23.0
21,237963,219,783,947,1,47,6,15.0
22,237899,236,770,1007,1,64,5,1.0
23,237883,205,734,1090,1,16,5,0.0
24,237866,190,691,1165,1,17,4,0.0
25,237838,172,660,1242,1,28,7,0.0
26,237819,144,622,1327,1,19,5,0.0
27,237799,100,599,1414,1,20,1,0.0
28,237778,105,514,1515,1,21,5,0.0
29,237750,116,417,1629,1,28,6,0.0
30,237729,109,402,1672,1,21,3,0.0
31,237710,109,377,1716,1,19,4,0.0
32,237674,125,356,1757,1,36,6,0.0
33,237641,137,346,1788,1,33,4,0.0
34,237610,140,330,1832,1,31,2,0.0
35,237581,148,309,1874,1,29,3,0.0
36,237560,150,266,1936,1,21,1,0.0
37,237538,136,284,1954,1,22,1,0.0
38,237514,127,302,1969,1,24,0,0.0
39,237487,123,304,1998,1,27,4,0.0
40,237450,131,310,2021,1,37,3,0.0
41,237427,133,310,2042,1,23,1,0.0
42,237398,140,311,2063,1,29,1,0.0
43,237370,144,308,2090,1,28,5,0.0
44,237346,141,315,2110,1,24,1,0.0
45,237324,126,330,2132,1,22,0,0.0
46,237298,129,317,2168,1,26,3,0.0
47,237263,135,310,2204,1,35,1,0.0
48,237234,136,302,2240,1,29,2,0.0
49,237208,138,296,2270,1,26,3,0.0
50,237177,147,292,2296,1,31,1,0.0
51,237146,152,293,2321,1,31,2,0.0
52,237112,151,306,2343,1,34,0,0.0
53,237075,159,305,2373,1,37,0,0.0
54,237046,162,291,2413,1,29,2,0.0
55,237013,164,296,2439,1,33,1,0.0
56,236989,157,295,2471,1,24,0,0.0
57,236960,152,297,2503,1,29,2,0.0
58,236929,146,308,2529,1,31,1,0.0
59,236893,153,313,2553,1,36,1,0.0
60,236851,162,319,2580,1,42,1,0.0
61,236813,176,308,2615,1,38,4,0.0
62,236783,177,308,2644,1,30,3,0.0
63,236750,179,314,2669,1,33,1,0.0
64,236721,172,319,2700,1,29,1,0.0
65,236690,161,330,2731,1,31,2,0.0
66,236644,169,334,2765,1,46,3,0.0
67,236612,171,327,2802,1,32,0,0.0
68,236572,178,328,2834,1,40,2,0.0
69,236534,187,326,2865,1,38,0,0.0
70,236501,189,333,2889,1,33,4,0.0
71,236456,188,348,2920,1,45,2,0.0
72,236412,200,348,2952,1,44,1,0.0
73,236371,201,354,2986,1,41,2,0.0
74,236336,198,347,3031,1,35,3,0.0
75,236308,193,342,3069,1,28,2,0.0
76,236258,198,357,3099,1,50,2,0.0
77,236220,192,371,3129,1,38,3,0.0
78,236178,193,385,3156,1,42,1,0.0
79,236132,204,389,3187,1,46,5,0.0
80,236096,212,372,3232,1,36,1,0.0
81,236059,199,391,3263,1,37,2,0.0
82,236017,203,392,3300,1,42,6,0.0
83,235976,202,396,3338,1,41,4,0.0
84,235928,204,410,3370,1,48,4,0.0
85,235884,212,404,3412,1,44,2,0.0
86,235835,224,396,3457,1,49,1,0.0
87,235791,226,399,3496,1,44,1,0.0
88,235757,219,406,3530,1,34,2,0.0
89,235707,221,426,3558,1,50,3,0.0
90,235664,220,421,3607,1,43,2,0.0
91,235617,218,430,3647,1,47,0,0.0
92,235573,218,434,3687,1,44,4,0.0
93,235522,235,422,3733,1,51,2,0.0
94,235425,282,436,3769,1,97,2,0.0
95,235343,321,442,3806,1,82,2,0.0
96,235240,377,448,3847,1,103,5,0.0
97,235145,428,452,3887,1,95,1,0.0
98,235057,465,455,3935,1,88,2,0.0
99,234956,469,510,3977,1,101,5,0.0
100,234854,489,542,4027,1,102,6,0.0
101,234758,482,603,4069,1,96,4,0.0
102,234654,491,667,4100,1,104,1,0.0
103,234554,503,710,4145,1,100,4,0.0
104,234451,505,767,4189,1,103,3,0.0
105,234353,501,822,4236,1,98,6,0.0
106,234248,510,876,4278,1,105,5,0.0
107,234131,523,927,4331,1,117,12,0.0
108,234038,516,933,4425,1,93,4,0.0
109,233927,524,954,4507,1,111,6,0.0
110,233815,538,958,4601,1,112,10,0.0
111,233689,559,971,4693,1,126,10,0.0
112,233553,578,1004,4777,1,136,7,0.0
113,233445,593,1002,4872,1,108,8,0.0
114,233327,600,1017,4968,1,118,7,0.0
115,233188,627,1038,5059,1,139,5,0.0
116,233059,630,1067,5156,1,129,4,0.0
117,232905,648,1106,5253,1,154,4,0.0
118,232753,692,1113,5354,1,152,6,0.0
119,232610,717,1135,5450,1,143,6,0.0
120,232447,741,1171,5553,1,163,4,0.0
121,232277,782,1184,5669,1,170,8,0.0
122,232119,786,1249,5758,1,158,6,0.0
123,231948,805,1292,5867,1,171,9,0.0
124,231781,829,1324,5978,1,167,9,0.0
125,231627,820,1362,6103,1,154,7,0.0
126,231463,814,1402,6233,1,164,5,0.0
127,231321,798,1458,6334,2,142,6,0.0
128,231141,807,1515,6448,2,180,12,0.0
129,230965,816,1547,6583,2,176,13,0.0
130,230811,816,1573,6711,2,154,9,0.0
131,230629,834,1590,6858,2,182,5,0.0
132,230437,884,1582,7008,2,192,9,0.0
133,230271,870,1624,7146,2,166,9,0.0
134,230093,872,1637,7309,2,178,11,0.0
135,229912,899,1620,7480,2,181,6,0.0
136,229708,921,1643,7639,2,204,9,0.0
137,229506,931,1667,7807,2,202,9,0.0
138,229306,965,1665,7975,2,200,13,0.0
139,229091,1002,1691,8127,2,215,9,0.0
140,228879,1033,1713,8286,2,212,13,0.0
141,228653,1055,1783,8420,2,226,14,0.0
142,228446,1060,1809,8596,2,207,7,0.0
143,228212,1094,1841,8764,2,234,9,0.0
144,227976,1115,1910,8910,2,236,13,0.0
145,227728,1151,1943,9089,2,248,9,0.0
146,227497,1156,1978,9280,2,231,7,0.0
147,227258,1188,2025,9440,2,239,20,0.0
148,227050,1162,2079,9620,2,208,8,0.0
149,226808,1168,2132,9803,2,242,15,0.0
150,226561,1167,2187,9996,2,247,9,0.0
151,226321,1176,2217,10197,2,240,14,0.0
152,226059,1199,2263,10390,2,262,10,0.0
153,225803,1247,2253,10608,2,256,10,0.0
154,225512,1296,2284,10819,2,291,15,0.0
155,225233,1328,2305,11045,2,279,12,0.0
156,224974,1347,2343,11247,2,259,20,0.0
157,224689,1370,2377,11475,2,285,11,0.0
158,224403,1400,2400,11708,2,286,13,0.0
159,224123,1389,2449,11950,2,280,8,0.0
160,223822,1411,2502,12176,2,301,12,0.0
161,223553,1421,2523,12413,3,269,10,0.0
162,223247,1442,2599,12622,3,306,17,0.0
163,222940,1463,2641,12866,3,307,11,0.0
164,222651,1472,2677,13110,3,289,20,0.0
165,222345,1477,2738,13350,3,306,13,0.0
166,222023,1530,2744,13613,3,322,18,0.0
167,221695,1552,2806,13856,4,328,18,0.0
168,221393,1547,2829,14140,4,302,14,0.0
169,221086,1565,2844,14414,4,307,17,0.0
170,220761,1584,2898,14666,4,325,8,0.0
171,220405,1618,2938,14948,4,356,29,0.0
172,220046,1649,2976,15238,4,359,16,0.0
173,219725,1668,2999,15517,4,321,17,0.0
174,219370,1716,3019,15804,4,355,19,0.0
175,218968,1793,3084,16064,4,402,13,0.0
176,218623,1782,3135,16369,4,345,12,0.0
177,218208,1838,3198,16665,4,415,17,0.0
178,217850,1875,3233,16951,4,358,24,0.0
179,217455,1915,3281,17258,4,395,16,0.0
180,217078,1890,3362,17578,5,377,17,0.0
