#time,susceptible,exposed,infectious,recovered,dead,num infections today,num hospitalisations today,num hospitalisations today (data)
-29,291948,425,0,0,0,0,0,0.0
-28,291948,425,0,0,0,0,0,0.0
-27,291948,425,0,0,0,0,0,0.0
-26,291948,425,0,0,0,0,0,0.0
-25,291948,425,0,0,0,0,0,0.0
-24,291948,425,0,0,0,0,0,0.0
-23,291948,425,0,0,0,0,0,0.0
-22,291948,425,0,0,0,0,0,0.0
-21,291948,425,0,0,0,0,0,0.0
-20,291948,425,0,0,0,0,0,0.0
-19,291948,425,0,0,0,0,0,0.0
-18,291948,425,0,0,0,0,0,0.0
-17,291948,425,0,0,0,0,0,0.0
-16,291948,374,51,0,0,0,0,0.0
-15,291937,385,51,0,0,11,0,0.0
-14,291922,383,68,0,0,15,0,0.0
-13,291903,385,85,0,0,19,0,0.0
-12,291869,402,102,0,0,34,0,0.0
-11,291823,431,119,0,0,46,0,0.0
-10,291763,429,181,0,0,60,6,0.0
-9,291699,393,281,0,0,64,0,0.0
-8,291603,402,368,0,0,96,1,0.0
-7,291458,479,391,45,0,145,2,0.0
-6,291224,599,505,45,0,234,1,0.0
-5,290892,871,549,61,0,332,0,0.0
-4,290457,1242,598,76,0,435,1,0.0
-3,289861,1742,678,92,0,596,3,0.0
-2,289142,2316,806,109,0,719,4,0.0
-1,288231,2993,979,170,0,911,3,0.0
0,287068,3824,1214,267,0,1163,6,40.0
1,285548,4909,1565,351,0,1520,2,7.0
2,283625,6236,2096,416,0,1923,7,10.0
3,281114,8028,2707,524,0,2511,3,4.0
4,277956,10275,3560,582,0,3158,5,3.0
5,274177,12891,4666,639,0,3779,7,5.0
6,270055,15493,6093,732,0,4122,18,6.0
7,266848,16777,7876,872,0,3207,25,6.0
8,264224,16890,10160,1099,0,2624,29,9.0
9,261952,16004,13003,1414,0,2272,34,12.0
10,259947,14230,16372,1824,0,2005,49,7.0
11,258087,11968,19927,2391,0,1860,68,11.0
12,256324,10524,22449,3076,0,1763,64,18.0
13,254644,9580,24211,3938,0,1680,106,13.0
14,252890,9062,25388,5033,0,1754,138,27.0
15,250998,8949,25930,6496,0,1892,155,23.0
16,250125,7962,25971,8315,0,873,179,33.0
17,249203,7121,25358,10691,0,922,216,23.0
18,248271,6373,24027,13702,0,932,165,35.0
19,247292,5598,22176,17307,0,979,154,26.0
20,246259,4739,20153,21222,0,1033,114,23.0
21,245107,5018,17979,24269,0,1152,123,15.0
22,243840,5363,16411,26759,0,1267,110,1.0
23,243251,5020,15165,28937,0,589,115,0.0
24,242618,4674,14236,30843,2,633,94,0.0
25,241931,4328,13492,32620,2,687,112,0.0
26,241147,3960,12962,34302,2,784,88,0.0
27,240329,3511,12618,35912,3,818,58,0.0
28,239516,3735,11540,37577,5,813,56,0.0
29,238636,3982,10359,39391,5,880,39,0.0
30,237714,4217,10208,40228,6,922,49,0.0
31,236701,4446,10095,41123,8,1013,66,0.0
32,235759,4570,9989,42044,11,942,74,0.0
33,234772,4744,9836,43009,12,987,55,0.0
34,233739,4897,9709,44016,12,1033,44,0.0
35,232653,5061,9498,45145,16,1086,47,0.0
36,231579,5122,9235,46420,17,1074,44,0.0
37,230502,5257,9567,47028,19,1077,41,0.0
38,229405,5367,9874,47707,20,1097,49,0.0
39,228207,5532,10143,48471,20,1198,45,0.0
40,227111,5542,10344,49354,22,1096,46,0.0
41,225852,5727,10485,50286,23,1259,51,0.0
42,224665,5837,10607,51241,23,1187,55,0.0
43,223482,5923,10717,52227,24,1183,53,0.0
44,222205,6002,10906,53236,24,1277,53,0.0
45,220886,6225,10930,54307,25,1319,56,0.0
46,219606,6246,11188,55308,25,1280,69,0.0
47,218285,6380,11340,56342,26,1321,65,0.0
48,216888,6594,11435,57429,27,1397,54,0.0
49,215501,6704,11603,58537,28,1387,46,0.0
50,214137,6749,11809,59649,29,1364,52,0.0
51,212735,6871,11978,60757,32,1402,60,0.0
52,211331,6954,12192,61863,33,1404,66,0.0
53,209874,7014,12384,63065,36,1457,65,0.0
54,208389,7112,12697,64138,37,1485,72,0.0
55,206956,7181,12820,65379,37,1433,73,0.0
56,205471,7264,13037,66564,37,1485,75,0.0
57,204041,7290,13258,67747,37,1430,72,0.0
58,202541,7333,13463,68998,38,1500,72,0.0
59,201076,7313,13662,70284,38,1465,84,0.0
60,199489,7467,13841,71537,39,1587,84,0.0
61,197963,7508,14030,72832,40,1526,54,0.0
62,196370,7671,14104,74187,41,1593,68,0.0
63,188096,14445,14251,75540,41,8274,75,0.0
64,180441,20635,14352,76902,43,7655,86,0.0
65,173573,25916,14557,78284,43,6868,100,0.0
66,167045,30918,14704,79663,43,6528,93,0.0
67,161085,35285,14867,81091,45,5960,78,0.0
68,155427,32669,21699,82533,45,5658,86,0.0
69,150114,30327,27956,83930,46,5313,83,0.0
70,144870,28703,33359,85394,47,5244,90,0.0
71,139519,27526,38471,86810,47,5351,95,0.0
72,134300,26785,42947,88294,47,5219,88,0.0
73,129205,26222,47171,89725,50,5095,81,0.0
74,124224,25890,50941,91268,50,4981,422,0.0
75,119018,25852,54694,92759,50,5206,347,0.0
76,114166,25353,58474,94329,51,4852,366,0.0
77,109037,25263,55773,102249,51,5129,326,0.0
78,104226,24979,53492,109624,52,4811,312,0.0
79,99608,24616,51900,116197,52,4618,314,0.0
80,95190,23828,50835,122468,52,4418,312,0.0
81,90826,23340,49965,128190,52,4364,317,0.0
82,86452,22585,49671,133610,55,4374,336,0.0
83,82328,21898,49381,138711,55,4124,294,0.0
84,78279,21329,48954,143753,58,4049,287,0.0
85,74428,20762,48247,148877,59,3851,285,0.0
86,70728,20098,47601,153887,59,3700,278,0.0
87,67297,19155,47077,158783,61,3431,261,0.0
88,63995,18333,46407,163576,62,3302,288,0.0
89,60845,17434,45421,168611,62,3150,282,0.0
90,57792,16636,44569,173314,62,3053,269,0.0
91,54946,15782,43312,178270,63,2846,244,0.0
92,52356,14941,42108,182903,65,2590,258,0.0
93,49818,14177,40946,187364,68,2538,236,0.0
94,47430,13415,39817,191642,69,2388,233,0.0
95,45254,12538,38645,195864,72,2176,234,0.0
96,43038,11908,37236,200114,77,2216,229,0.0
97,41080,11276,35821,204118,78,1958,226,0.0
98,39201,10617,34440,208031,84,1879,190,0.0
99,37444,9986,32790,212068,85,1757,170,0.0
100,35749,9505,31154,215876,89,1695,173,0.0
101,34139,8899,29769,219473,93,1610,178,0.0
102,32677,8403,28280,222915,98,1462,159,0.0
103,31300,7901,26879,226195,98,1377,165,0.0
104,29958,7486,25447,229383,99,1342,154,0.0
105,28724,7025,24158,232364,102,1234,147,0.0
106,27514,6625,23020,235111,103,1210,137,0.0
107,26422,6255,21766,237823,107,1092,145,0.0
108,25323,5977,20617,240346,110,1099,125,0.0
109,24338,5620,19648,242652,115,985,106,0.0
110,23378,5346,18534,244999,116,960,99,0.0
111,22435,5079,17645,247098,116,943,96,0.0
112,21588,4834,16708,249124,119,847,100,0.0
113,20759,4564,15873,251053,124,829,85,0.0
114,19974,4364,14988,252920,127,785,76,0.0
115,19280,4098,14183,254684,128,694,79,0.0
116,18621,3814,13517,256291,130,659,66,0.0
117,17921,3667,12810,257844,131,700,76,0.0
118,17267,3492,12144,259337,133,654,71,0.0
119,16643,3331,11541,260720,138,624,63,0.0
120,16052,3228,10876,262077,140,591,61,0.0
121,15510,3111,10287,263323,142,542,57,0.0
122,14992,2929,9738,264572,142,518,40,0.0
123,14494,2773,9288,265675,143,498,56,0.0
124,14002,2641,8848,266738,144,492,39,0.0
125,13526,2526,8380,267797,144,476,51,0.0
126,13071,2439,7962,268756,145,455,38,0.0
127,12611,2381,7545,269689,147,460,26,0.0
128,12210,2284,7155,270576,148,401,29,0.0
129,11817,2185,6849,271374,148,393,30,0.0
130,11447,2079,6557,272141,149,370,28,0.0
131,11114,1957,6217,272936,149,333,32,0.0
132,10784,1827,5921,273692,149,330,31,0.0
133,10479,1731,5616,274396,151,305,22,0.0
134,10168,1649,5357,275046,153,311,20,0.0
135,9856,1591,5117,275654,155,312,19,0.0
136,9591,1523,4879,276224,156,265,27,0.0
137,9336,1448,4648,276784,157,255,36,0.0
138,9072,1407,4405,277331,158,264,16,0.0
139,8819,1349,4203,277843,159,253,18,0.0
140,8573,1283,4028,278330,159,246,13,0.0
141,8337,1254,3789,278834,159,236,21,0.0
142,8115,1221,3597,279279,161,222,10,0.0
143,7914,1158,3417,279723,161,201,24,0.0
144,7693,1126,3264,280129,161,221,12,0.0
145,7495,1078,3129,280510,161,198,14,0.0
146,7278,1059,2998,280877,161,217,14,0.0
147,7082,1033,2891,281206,161,196,11,0.0
148,6925,989,2743,281554,162,157,8,0.0
149,6766,927,2633,281885,162,159,19,0.0
150,6613,882,2528,282188,162,153,17,0.0
151,6474,804,2462,282470,163,139,8,0.0
152,6324,758,2382,282745,164,150,19,0.0
153,6183,742,2271,283013,164,141,18,0.0
154,6048,718,2163,283280,164,135,11,0.0
155,5921,692,2074,283522,164,127,11,0.0
156,5807,667,1982,283753,164,114,10,0.0
157,5695,629,1914,283971,164,112,15,0.0
158,5583,600,1824,284202,164,112,10,0.0
159,5467,581,1753,284408,164,116,8,0.0
160,5366,555,1660,284628,164,101,8,0.0
161,5266,541,1560,284842,164,100,7,0.0
162,5168,527,1493,285021,164,98,8,0.0
163,5079,504,1439,285187,164,89,6,0.0
164,4993,474,1391,285351,164,86,8,0.0
165,4894,472,1346,285497,164,99,8,0.0
166,4796,470,1283,285660,164,98,11,0.0
167,4721,447,1240,285801,164,75,4,0.0
168,4645,434,1180,285949,165,76,8,0.0
169,4570,423,1139,286075,166,75,3,0.0
170,4503,391,1116,286196,167,67,5,0.0
171,4440,356,1095,286315,167,63,2,0.0
172,4364,357,1052,286433,167,76,9,0.0
173,4295,350,1008,286553,167,69,1,0.0
174,4239,331,969,286667,167,56,4,0.0
175,4173,330,926,286777,167,66,2,0.0
176,4123,317,888,286878,167,50,5,0.0
177,4079,285,863,286979,167,44,5,0.0
178,4030,265,833,287078,167,49,3,0.0
179,3973,266,787,287180,167,57,1,0.0
180,3917,256,748,287285,167,56,0,0.0
