#time,susceptible,exposed,infectious,recovered,dead,num infections today,num hospitalisations today,num hospitalisations today (data)
0,316440,0,955,0,0,955,0,83.0
1,315000,1440,842,113,0,1440,0,109.0
2,313570,2870,834,121,0,1430,0,88.0
3,312207,4233,823,131,1,1363,0,62.0
4,310807,5633,806,148,1,1400,0,40.0
5,309420,7020,787,167,1,1387,0,3.0
6,308080,8360,735,218,2,1340,0,0.0
7,306745,8255,2146,247,2,1335,0,0.0
8,305391,8179,3570,252,3,1354,84,0.0
9,304093,8114,4913,272,3,1298,87,0.0
10,302692,8115,6293,292,3,1401,77,0.0
11,301383,8037,7653,318,4,1309,79,0.0
12,300086,7994,8969,341,5,1297,67,0.0
13,298755,7990,10256,387,7,1331,77,0.0
14,297439,7952,11576,421,7,1316,70,0.0
15,296036,8057,12819,476,7,1403,80,0.0
16,294730,7962,14131,565,7,1306,75,0.0
17,293476,7907,15399,606,7,1254,86,0.0
18,292205,7881,16556,746,7,1271,94,0.0
19,290900,7855,17793,840,7,1305,87,0.0
20,289571,7868,19001,948,7,1329,82,0.0
21,288261,7775,20404,948,7,1310,85,0.0
22,286884,7846,21710,948,7,1377,82,0.0
23,285589,7887,22964,948,7,1295,84,0.0
24,284232,7973,24235,948,7,1357,89,0.0
25,282892,8008,25531,948,16,1340,96,0.0
26,281512,8059,26839,948,37,1380,68,0.0
27,280169,8092,28123,948,63,1343,108,0.0
28,278786,8098,29480,948,83,1383,86,0.0
29,277503,8086,30758,948,100,1283,80,0.0
30,276175,8057,32098,948,117,1328,94,0.0
31,274790,8102,33417,948,138,1385,68,0.0
32,273411,8101,33348,2379,156,1379,64,0.0
33,272121,8048,33265,3788,173,1290,70,0.0
34,270736,8050,33289,5125,195,1385,81,0.0
35,269380,8123,33173,6505,214,1356,95,0.0
36,267985,8190,33107,7875,238,1395,71,0.0
37,266666,8124,33149,9198,258,1319,69,0.0
38,265288,8123,33199,10512,273,1378,81,0.0
39,263912,8209,33130,11848,296,1376,79,0.0
40,262492,8244,33219,13129,311,1420,76,0.0
41,261164,8216,33176,14508,331,1328,93,0.0
42,259728,8257,33263,15798,349,1436,88,0.0
43,258302,8364,33291,17071,367,1426,94,0.0
44,256838,8450,33335,18382,390,1464,77,0.0
45,255390,8522,33393,19683,407,1448,87,0.0
46,253884,8608,33421,21063,419,1506,65,0.0
47,252395,8769,33438,22354,439,1489,87,0.0
48,250981,8747,33615,23588,464,1414,73,0.0
49,249483,8819,33767,24841,485,1498,97,0.0
50,248006,8832,33929,26128,500,1477,87,0.0
51,246510,8880,34059,27434,512,1496,81,0.0
52,245126,8758,34255,28727,529,1384,88,0.0
53,243665,8730,34363,30092,545,1461,81,0.0
54,242255,8726,34489,31367,558,1410,94,0.0
55,240719,8764,34629,32699,584,1536,90,0.0
56,239240,8766,34762,34018,609,1479,99,0.0
57,237801,8709,34875,35383,627,1439,95,0.0
58,236309,8817,34912,36714,643,1492,95,0.0
59,234780,8885,34989,38080,661,1529,77,0.0
60,233284,8971,35111,39347,682,1496,96,0.0
61,231846,8873,35312,40662,702,1438,94,0.0
62,230364,8876,35409,42021,725,1482,100,0.0
63,228893,8908,35475,43375,744,1471,81,0.0
64,227423,8886,35674,44647,765,1470,98,0.0
65,225956,8824,35816,46016,783,1467,91,0.0
66,224437,8847,35955,47354,802,1519,88,0.0
67,222948,8898,36001,48728,820,1489,89,0.0
68,221522,8842,36167,50027,837,1426,89,0.0
69,220073,8820,36265,51382,855,1449,76,0.0
70,218621,8802,36362,52739,871,1452,80,0.0
71,217129,8827,36409,54138,892,1492,90,0.0
72,215678,8759,36595,55448,915,1451,79,0.0
73,214231,8717,36640,56865,942,1447,79,0.0
74,212758,8764,36636,58273,964,1473,93,0.0
75,211229,8844,36622,59720,980,1529,71,0.0
76,209734,8887,36635,61150,989,1495,101,0.0
77,208224,8905,36625,62640,1001,1510,89,0.0
78,206772,8906,36587,64108,1022,1452,81,0.0
79,205367,8864,36625,65499,1040,1405,88,0.0
80,203852,8906,36609,66970,1058,1515,86,0.0
81,202349,8880,36667,68425,1074,1503,82,0.0
82,200903,8831,36659,69905,1097,1446,94,0.0
83,199418,8806,36771,71280,1120,1485,82,0.0
84,197949,8823,36755,72729,1139,1469,77,0.0
85,196427,8940,36746,74118,1164,1522,83,0.0
86,194949,8903,36731,75636,1176,1478,87,0.0
87,193505,8844,36746,77097,1203,1444,106,0.0
88,192030,8873,36742,78520,1230,1475,91,0.0
89,190508,8910,36737,79989,1251,1522,91,0.0
90,189012,8937,36674,81495,1277,1496,82,0.0
91,185724,10703,36697,82972,1299,3288,97,0.0
92,182513,12436,36737,84385,1324,3211,82,0.0
93,179289,14216,36691,85855,1344,3224,86,0.0
94,176110,15920,36701,87299,1365,3179,93,0.0
95,172820,17688,36770,88742,1375,3290,83,0.0
96,169670,19342,36804,90188,1391,3150,87,0.0
97,166445,19279,38574,91681,1416,3225,93,0.0
98,163225,19288,40293,93148,1441,3220,208,0.0
99,160085,19204,42101,94549,1456,3140,202,0.0
100,157040,19070,43831,95978,1476,3045,176,0.0
101,153952,18868,45670,97409,1496,3088,183,0.0
102,150876,18794,47314,98891,1520,3076,197,0.0
103,147787,18658,49084,100326,1540,3089,192,0.0
104,144891,18334,50859,101748,1563,2896,191,0.0
105,141988,18097,52533,103196,1581,2903,191,0.0
106,139106,17934,54051,104710,1594,2882,192,0.0
107,136202,17750,55643,106185,1615,2904,160,0.0
108,133255,17621,57213,107675,1631,2947,197,2.0
109,130360,17427,58853,109103,1652,2895,189,0.0
110,127514,17377,60338,110488,1678,2846,175,0.0
111,124670,17318,61731,111980,1696,2844,160,0.0
112,121776,17330,63106,113465,1718,2894,176,0.0
113,119034,17168,64555,114898,1740,2742,181,0.0
114,116310,16945,66016,116362,1762,2724,171,0.0
115,113548,16812,67407,117815,1813,2762,186,0.0
116,110881,16633,68709,119316,1856,2667,179,8.0
117,108208,16462,70054,120768,1903,2673,153,0.0
118,105465,16311,71476,122194,1949,2743,171,0.0
119,102825,16209,72733,123647,1981,2640,171,0.0
120,100161,16149,73913,125147,2025,2664,167,0.0
121,97587,15961,75165,126621,2061,2574,158,0.0
122,95012,15869,74557,129858,2099,2575,166,0.0
123,92386,15822,74027,133026,2134,2626,177,0.0
124,89880,15585,73552,136203,2175,2506,157,0.0
125,87380,15445,73019,139336,2215,2500,170,0.0
126,84859,15302,72377,142594,2263,2521,150,0.0
127,82440,15147,71784,145700,2324,2419,165,6.0
128,80021,14991,71135,148889,2359,2419,147,0.0
129,77745,14641,70545,152071,2393,2276,151,0.0
130,75441,14439,69891,155176,2448,2304,145,1.0
131,73178,14202,69345,158180,2490,2263,161,0.0
132,71048,13811,68781,161228,2527,2130,138,0.0
133,68892,13548,68138,164256,2561,2156,156,0.0
134,66766,13255,67487,167284,2603,2126,143,0.0
135,64651,13094,66869,170145,2636,2115,150,0.0
136,62538,12903,66274,173014,2666,2113,131,0.0
137,60500,12678,65667,175841,2709,2038,138,0.0
138,58500,12548,64906,178703,2738,2000,116,0.0
139,56595,12297,64128,181613,2762,1905,141,1.0
140,54752,12014,63359,184474,2796,1843,127,0.0
141,52925,11726,62627,187278,2839,1827,104,0.0
142,51133,11405,61886,190089,2882,1792,120,0.0
143,49318,11182,61025,192953,2917,1815,142,0.0
144,47682,10818,60296,195652,2947,1636,123,4.0
145,46001,10594,59463,198347,2990,1681,128,0.0
146,44432,10320,58524,201085,3034,1569,120,3.0
147,42840,10085,57670,203718,3082,1592,120,0.0
148,41308,9825,56800,206348,3114,1532,97,5.0
149,39805,9513,55894,209048,3135,1503,111,14.0
150,38387,9295,54884,211653,3176,1418,120,4.0
151,36995,9006,53902,214287,3205,1392,108,0.0
152,35582,8850,52911,216818,3234,1413,104,0.0
153,34222,8618,51944,219349,3262,1360,90,14.0
154,32927,8381,50866,221927,3294,1295,91,0.0
155,31663,8142,49857,224401,3332,1264,76,1.0
156,30438,7949,48768,226880,3360,1225,92,1.0
157,29231,7764,47654,229360,3386,1207,91,1.0
158,28115,7467,46654,231750,3409,1116,79,2.0
159,27011,7211,45594,234140,3439,1104,90,12.0
160,25943,6984,44609,236388,3471,1068,79,14.0
161,24921,6742,43573,238660,3499,1022,77,20.0
162,23926,6512,42544,240885,3528,995,71,8.0
163,22992,6239,41617,242987,3560,934,84,10.0
164,22050,6065,40570,245117,3593,942,73,16.0
165,21143,5868,39550,247220,3614,907,66,19.0
166,20290,5653,38515,249305,3632,853,63,51.0
167,19487,5434,37427,251386,3661,803,57,28.0
168,18648,5278,36387,253396,3686,839,71,5.0
169,17840,5152,35323,255367,3713,808,49,20.0
170,17078,4972,34365,257240,3740,762,51,21.0
171,16344,4799,33442,259050,3760,734,62,26.0
172,15657,4633,32471,260856,3778,687,45,23.0
173,14987,4500,31479,262630,3799,670,49,47.0
174,14367,4281,30513,264416,3818,620,50,34.0
175,13724,4116,29682,266027,3846,643,40,55.0
176,13122,3956,28779,267681,3857,602,54,88.0
177,12568,3776,27952,269223,3876,554,49,41.0
178,12022,3635,27048,270795,3895,546,41,141.0
179,11499,3488,26191,272309,3908,523,39,95.0
180,11005,3362,25323,273791,3914,494,32,110.0
