#time,susceptible,exposed,infectious,recovered,dead,num infections today,num hospitalisations today,num hospitalisations today (data)
0,238606,0,956,0,0,956,0,83.0
1,238604,2,843,113,0,2,0,109.0
2,238596,10,835,121,0,8,0,88.0
3,238588,18,825,131,0,8,0,62.0
4,238577,29,809,147,0,11,0,40.0
5,238557,49,789,167,0,20,0,3.0
6,238536,70,737,218,1,21,0,0.0
7,238515,89,711,246,1,21,0,0.0
8,238492,104,713,251,2,23,0,0.0
9,238469,119,698,271,5,23,1,0.0
10,238436,141,687,292,6,33,1,0.0
11,238395,162,681,318,6,41,0,0.0
12,238352,184,679,341,6,43,1,0.0
13,238317,198,653,387,7,35,0,0.0
14,238269,223,642,421,7,48,2,0.0
15,238210,259,611,475,7,59,2,0.0
16,238155,281,558,561,7,55,2,0.0
17,238093,302,558,602,7,62,1,0.0
18,238031,321,460,743,7,62,2,0.0
19,237964,353,398,840,7,67,4,0.0
20,237903,366,337,949,7,61,3,0.0
21,237816,394,396,949,7,87,5,0.0
22,237718,437,451,949,7,98,6,0.0
23,237645,448,513,949,7,73,5,0.0
24,237549,482,575,949,7,96,4,0.0
25,237446,518,642,949,7,103,1,0.0
26,237326,577,703,949,7,120,7,0.0
27,237190,626,790,949,7,136,4,0.0
28,237061,657,888,949,7,129,4,0.0
29,236910,735,961,949,7,151,2,0.0
30,236752,797,1057,949,7,158,6,0.0
31,236564,882,1160,949,7,188,7,0.0
32,236382,944,1277,951,8,182,7,0.0
33,236173,1017,1405,959,8,209,8,0.0
34,235938,1123,1526,967,8,235,9,0.0
35,235681,1229,1666,978,8,257,7,0.0
36,235419,1333,1802,998,10,262,12,0.0
37,235123,1441,1968,1019,11,296,18,0.0
38,234806,1576,2128,1040,12,317,10,0.0
39,234468,1705,2315,1062,12,338,10,0.0
40,234078,1860,2527,1085,12,390,12,0.0
41,233679,2002,2748,1118,15,399,19,0.0
42,233241,2178,2966,1159,18,438,22,0.0
43,232770,2353,3221,1200,18,471,16,0.0
44,232271,2535,3504,1234,18,499,23,0.0
45,231721,2747,3794,1281,19,550,18,0.0
46,231091,2987,4125,1340,19,630,21,0.0
47,230495,3184,4468,1395,20,596,28,0.0
48,229835,3406,4847,1454,20,660,28,0.0
49,229092,3678,5258,1513,21,743,18,0.0
50,228320,3951,5690,1580,21,772,28,0.0
51,227551,4170,6177,1641,23,769,33,0.0
52,226621,4470,6721,1727,23,930,26,0.0
53,225712,4783,7216,1825,26,909,37,0.0
54,224712,5123,7803,1897,27,1000,35,0.0
55,223684,5408,8445,1993,32,1028,43,0.0
56,222626,5694,9112,2095,35,1058,28,0.0
57,221552,5999,9758,2215,38,1074,48,0.0
58,220415,6206,10549,2349,43,1137,43,0.0
59,219264,6448,11325,2478,47,1151,57,0.0
60,218133,6579,12174,2626,50,1131,51,0.0
61,216861,6823,13043,2783,52,1272,61,0.0
62,215511,7115,13913,2966,57,1350,65,0.0
63,214222,7330,14804,3145,61,1289,71,0.0
64,212803,7612,15728,3351,68,1419,63,0.0
65,211470,7794,16644,3581,73,1333,74,0.0
66,210058,8075,17519,3834,76,1412,83,0.0
67,208671,8190,18529,4093,79,1387,77,0.0
68,207263,8248,19580,4387,84,1408,70,0.0
69,205894,8328,20546,4699,95,1369,80,0.0
70,204566,8237,21620,5033,106,1328,77,0.0
71,203180,8290,22566,5416,110,1386,84,0.0
72,201860,8198,23574,5810,120,1320,63,0.0
73,200450,8221,24516,6245,130,1410,81,0.0
74,199175,8088,25440,6713,146,1275,78,0.0
75,197926,7968,26303,7207,158,1249,82,0.0
76,196655,7911,27074,7746,176,1271,84,0.0
77,195496,7684,27830,8365,187,1159,91,0.0
78,194324,7536,28537,8957,208,1172,84,0.0
79,193208,7242,29283,9607,222,1116,76,0.0
80,192062,7113,29807,10340,240,1146,93,0.0
81,190969,6957,30286,11096,254,1093,75,0.0
82,189912,6743,30783,11853,271,1057,82,0.0
83,188908,6588,31010,12765,291,1004,70,0.0
84,187863,6461,31272,13663,303,1045,72,0.0
85,186835,6373,31396,14642,316,1028,82,0.0
86,185743,6319,31512,15656,332,1092,79,0.0
87,184644,6325,31549,16696,348,1099,54,0.0
88,183602,6310,31530,17756,364,1042,52,0.0
89,182533,6375,31394,18876,384,1069,55,0.0
90,181424,6439,31282,20007,410,1109,55,0.0
91,175309,11526,31171,21126,430,6115,56,0.0
92,169979,15764,30979,22385,455,5330,55,0.0
93,165262,19382,30725,23719,474,4717,71,0.0
94,161072,22530,30475,24992,493,4190,57,0.0
95,157190,25343,30119,26395,515,3882,63,0.0
96,153453,27971,29906,27708,524,3737,83,0.0
97,149863,25446,34610,29094,549,3590,56,0.0
98,146491,23488,38561,30461,561,3372,377,0.0
99,143042,22220,41878,31844,578,3449,334,0.0
100,139545,21527,44696,33194,600,3497,273,0.0
101,135992,21198,47244,34503,625,3553,249,0.0
102,132450,21003,49600,35867,642,3542,220,0.0
103,128879,20984,51866,37178,655,3571,228,0.0
104,125287,21204,53837,38563,671,3592,208,0.0
105,121816,21226,56013,39826,681,3471,191,0.0
106,118208,21337,58253,41058,706,3608,217,0.0
107,114640,21352,60541,42307,722,3568,220,0.0
108,111063,21387,62934,43441,737,3577,200,2.0
109,107529,21350,65338,44596,749,3534,190,0.0
110,103762,21525,67810,45699,766,3767,183,0.0
111,100151,21665,70134,46829,783,3611,206,0.0
112,96711,21497,72643,47912,799,3440,216,0.0
113,93220,21420,75160,48944,818,3491,215,0.0
114,89856,21207,77727,49932,840,3364,233,0.0
115,86500,21029,80145,50962,926,3356,224,0.0
116,83194,20568,82823,51978,999,3306,207,8.0
117,80011,20140,85289,53053,1069,3183,225,0.0
118,76786,19925,87591,54135,1125,3225,238,0.0
119,73664,19556,89993,55161,1188,3122,210,0.0
120,70613,19243,92251,56211,1244,3051,210,0.0
121,67734,18766,94472,57298,1292,2879,169,0.0
122,65006,18188,91711,63327,1330,2728,208,0.0
123,62247,17764,89590,68584,1377,2759,192,0.0
124,59573,17213,88100,73231,1445,2674,191,0.0
125,57000,16664,87031,77365,1502,2573,200,0.0
126,54412,16201,86214,81184,1551,2588,204,0.0
127,51946,15788,85364,84865,1599,2466,196,6.0
128,49785,15221,84495,88407,1654,2161,194,0.0
129,47651,14596,83869,91741,1705,2134,151,0.0
130,45537,14036,83098,95143,1748,2114,153,1.0
131,43521,13479,82189,98572,1801,2016,155,0.0
132,41621,12791,81242,102068,1840,1900,146,0.0
133,39791,12155,80182,105561,1873,1830,164,0.0
134,38031,11754,78763,109084,1930,1760,140,0.0
135,36354,11297,77319,112621,1971,1677,135,0.0
136,34781,10756,75960,116041,2024,1573,135,0.0
137,33273,10248,74360,119606,2075,1508,137,0.0
138,31806,9815,72699,123121,2121,1467,126,0.0
139,30442,9349,70945,126659,2167,1364,106,1.0
140,29156,8875,69166,130160,2205,1286,132,0.0
141,27897,8457,67077,133870,2261,1259,107,0.0
142,26726,8055,65042,137440,2299,1171,93,0.0
143,25643,7630,63126,140827,2336,1083,103,0.0
144,24595,7211,61099,144267,2390,1048,89,4.0
145,23558,6884,59098,147585,2437,1037,98,0.0
146,22576,6580,57036,150895,2475,982,95,3.0
147,21646,6251,54993,154163,2509,930,93,0.0
148,20741,5985,52993,157290,2553,905,68,5.0
149,19914,5729,50853,160477,2589,827,71,14.0
150,19096,5499,48778,163562,2627,818,75,4.0
151,18359,5199,46777,166559,2668,737,68,0.0
152,17620,4956,44897,169391,2698,739,59,0.0
153,16936,4710,43111,172081,2724,684,65,14.0
154,16305,4436,41261,174806,2754,631,50,0.0
155,15687,4227,39435,177436,2777,618,61,1.0
156,15058,4038,37695,179973,2798,629,49,1.0
157,14481,3878,35860,182523,2820,577,46,1.0
158,13965,3655,34161,184948,2833,516,39,2.0
159,13460,3476,32695,187079,2852,505,47,12.0
160,12933,3372,31202,189187,2868,527,33,14.0
161,12514,3173,29706,191271,2898,419,36,20.0
162,12054,3004,28327,193264,2913,460,43,8.0
163,11631,2850,27005,195143,2933,423,36,10.0
164,11246,2719,25690,196951,2956,385,30,16.0
165,10826,2634,24432,198698,2972,420,27,19.0
166,10503,2430,23286,200356,2987,323,29,51.0
167,10163,2351,22131,201913,3004,340,36,28.0
168,9858,2196,21098,203391,3019,305,18,5.0
169,9565,2066,20053,204843,3035,293,25,20.0
170,9241,2005,19084,206187,3045,324,27,21.0
171,8959,1867,18232,207450,3054,282,32,26.0
172,8695,1808,17299,208693,3067,264,22,23.0
173,8405,1758,16474,209849,3076,290,16,47.0
174,8144,1714,15705,210915,3084,261,16,34.0
175,7892,1673,14959,211948,3090,252,14,55.0
176,7663,1578,14250,212969,3102,229,17,88.0
177,7422,1537,13553,213941,3109,241,17,41.0
178,7198,1497,12890,214862,3115,224,14,141.0
179,6966,1439,12278,215754,3125,232,11,95.0
180,6774,1370,11712,216572,3134,192,18,110.0
