#time,susceptible,exposed,infectious,recovered,dead,num infections today,num hospitalisations today,num hospitalisations today (data)
0,291821,0,956,0,0,956,0,83.0
1,291814,7,843,113,0,7,0,109.0
2,291793,28,834,121,1,21,0,88.0
3,291762,59,823,131,2,31,0,62.0
4,291735,86,807,147,2,27,0,40.0
5,291706,115,787,166,3,29,0,3.0
6,291657,164,734,218,4,49,0,0.0
7,291600,214,713,246,4,57,0,0.0
8,291550,243,728,252,4,50,0,0.0
9,291473,289,740,271,4,77,1,0.0
10,291388,347,745,292,5,85,1,0.0
11,291300,406,748,318,5,88,3,0.0
12,291220,437,774,340,6,80,2,0.0
13,291139,461,784,386,7,81,2,0.0
14,291034,516,800,420,7,105,2,0.0
15,290901,572,822,475,7,133,5,0.0
16,290789,599,818,564,7,112,2,0.0
17,290641,659,865,605,7,148,10,0.0
18,290489,731,804,746,7,152,7,0.0
19,290330,809,791,840,7,159,1,0.0
20,290168,866,787,949,7,162,6,0.0
21,289980,921,920,949,7,188,3,0.0
22,289787,1002,1032,949,7,193,8,0.0
23,289585,1056,1180,949,7,202,5,0.0
24,289386,1103,1332,949,7,199,10,0.0
25,289117,1213,1490,949,8,269,9,0.0
26,288853,1315,1652,949,8,264,5,0.0
27,288580,1400,1840,949,8,273,13,0.0
28,288252,1535,2033,949,8,328,11,0.0
29,287947,1638,2235,949,8,305,11,0.0
30,287606,1780,2434,949,8,341,12,0.0
31,287183,1934,2702,949,9,423,7,0.0
32,286718,2135,2959,955,10,465,25,0.0
33,286224,2356,3211,976,10,494,17,0.0
34,285706,2546,3506,1007,12,518,15,0.0
35,285160,2787,3784,1034,12,546,19,0.0
36,284602,3004,4095,1063,13,558,14,0.0
37,283998,3185,4467,1112,15,604,18,0.0
38,283330,3388,4873,1168,18,668,26,0.0
39,282621,3603,5317,1217,19,709,29,0.0
40,281884,3822,5757,1294,20,737,18,0.0
41,281042,4118,6217,1377,23,842,34,0.0
42,280176,4426,6687,1465,23,866,39,0.0
43,279298,4700,7210,1544,25,878,32,0.0
44,278384,4946,7797,1623,27,914,37,0.0
45,277430,5191,8404,1725,27,954,49,0.0
46,276467,5417,9008,1857,28,963,50,0.0
47,275395,5647,9738,1968,29,1072,42,0.0
48,274348,5828,10455,2113,33,1047,48,0.0
49,273210,6088,11178,2265,36,1138,52,0.0
50,272033,6351,11932,2422,39,1177,46,0.0
51,270894,6536,12723,2582,42,1139,61,0.0
52,269788,6679,13493,2770,47,1106,62,0.0
53,268568,6827,14367,2962,53,1220,61,0.0
54,267291,7057,15211,3163,55,1277,60,0.0
55,266082,7128,16149,3358,60,1209,65,0.0
56,264848,7185,17051,3624,69,1234,64,0.0
57,263491,7403,17921,3885,77,1357,79,0.0
58,262040,7748,18749,4155,85,1451,63,0.0
59,260554,8014,19639,4478,92,1486,77,0.0
60,259077,8214,20611,4777,98,1477,52,0.0
61,257522,8560,21476,5116,103,1555,76,0.0
62,255817,9031,22280,5534,115,1705,63,0.0
63,254162,9329,23172,5990,124,1655,82,0.0
64,252387,9653,24127,6476,134,1775,96,0.0
65,250494,10060,25087,6986,150,1893,66,0.0
66,248526,10551,26011,7525,164,1968,99,0.0
67,246499,11023,27000,8077,178,2027,86,0.0
68,244387,11430,28094,8676,190,2112,83,0.0
69,242198,11964,29070,9332,213,2189,116,0.0
70,240023,12364,30135,10032,223,2175,93,0.0
71,237780,12714,31281,10759,243,2243,109,0.0
72,235432,13094,32402,11585,264,2348,122,0.0
73,233091,13408,33568,12437,273,2341,117,0.0
74,230783,13604,34803,13301,286,2308,108,0.0
75,228508,13690,36076,14203,300,2275,115,0.0
76,226181,13842,37307,15134,313,2327,134,0.0
77,223863,13917,38585,16087,325,2318,132,0.0
78,221458,13974,39861,17139,345,2405,135,0.0
79,218985,14106,41161,18165,360,2473,143,0.0
80,216585,14198,42325,19294,375,2400,140,0.0
81,214204,14304,43421,20458,390,2381,137,0.0
82,211756,14425,44610,21583,403,2448,168,0.0
83,209247,14616,45812,22676,426,2509,161,0.0
84,206753,14705,46993,23884,442,2494,146,0.0
85,204275,14710,48187,25141,464,2478,152,0.0
86,201705,14880,49368,26335,489,2570,146,0.0
87,199237,14967,50519,27554,500,2468,140,0.0
88,196677,15079,51594,28896,531,2560,138,0.0
89,194166,15081,52633,30334,563,2511,145,0.0
90,191679,15074,53633,31797,594,2487,162,0.0
91,189317,14958,54624,33258,620,2362,165,0.0
92,186916,14789,55627,34791,654,2401,138,0.0
93,184596,14641,56389,36471,680,2320,134,0.0
94,182323,14354,57270,38115,715,2273,169,0.0
95,180249,13917,58010,39859,742,2074,171,0.0
96,178062,13617,58609,41720,769,2187,131,0.0
97,176144,13173,58998,43657,805,1918,147,0.0
98,174294,12622,59370,45658,833,1850,154,0.0
99,172440,12156,59581,47736,864,1854,165,0.0
100,170629,11694,59663,49899,892,1811,140,0.0
101,168891,11358,59561,52039,928,1738,146,0.0
102,167130,10932,59497,54255,963,1761,127,0.0
103,165334,10810,59064,56576,993,1796,123,0.0
104,163591,10703,58579,58881,1023,1743,112,0.0
105,161889,10551,58129,61161,1047,1702,122,0.0
106,160163,10466,57671,63405,1072,1726,115,0.0
107,158448,10443,57075,65704,1107,1715,110,0.0
108,156781,10349,56521,67986,1140,1667,89,2.0
109,155118,10216,55912,70356,1175,1663,100,0.0
110,153433,10158,55169,72799,1218,1685,113,0.0
111,151798,10091,54471,75169,1248,1635,106,0.0
112,150091,10072,53801,77526,1287,1707,98,0.0
113,148411,10037,53058,79949,1322,1680,102,0.0
114,146757,10024,52213,82423,1360,1654,102,0.0
115,145089,10029,51388,84884,1387,1668,131,0.0
116,143431,10002,50591,87327,1426,1658,106,8.0
117,141769,10029,49674,89854,1451,1662,98,0.0
118,140167,9924,48912,92292,1482,1602,101,0.0
119,138607,9804,48043,94813,1510,1560,82,0.0
120,137025,9732,47197,97289,1534,1582,98,0.0
121,135353,9736,46391,99738,1559,1672,95,0.0
122,133807,9624,45699,102073,1574,1546,84,0.0
123,132291,9478,44975,104435,1598,1516,99,0.0
124,130740,9427,44262,106730,1618,1551,100,0.0
125,129231,9376,43544,108972,1654,1509,95,0.0
126,127734,9291,43057,111018,1677,1497,94,0.0
127,126192,9161,42544,113181,1699,1542,70,6.0
128,124618,9189,42172,115074,1724,1574,96,0.0
129,123096,9195,41827,116909,1750,1522,87,0.0
130,121613,9127,41532,118739,1766,1483,99,1.0
131,120186,9045,41229,120530,1787,1427,79,0.0
132,118823,8911,41006,122232,1805,1363,100,0.0
133,117337,8855,40789,123970,1826,1486,87,0.0
134,115948,8670,40564,125744,1851,1389,92,0.0
135,114477,8619,40348,127462,1871,1471,92,0.0
136,113014,8599,40129,129138,1897,1463,95,0.0
137,111626,8560,39820,130848,1923,1388,69,0.0
138,110239,8584,39466,132542,1946,1387,84,0.0
139,108811,8526,39277,134191,1972,1428,78,1.0
140,107377,8571,39000,135833,1996,1434,93,0.0
141,106022,8455,38795,137493,2012,1355,91,0.0
142,104622,8392,38632,139108,2023,1400,90,0.0
143,103268,8358,38310,140789,2052,1354,82,0.0
144,101967,8272,38029,142443,2066,1301,100,4.0
145,100626,8185,37797,144074,2095,1341,85,0.0
146,99272,8105,37566,145716,2118,1354,93,3.0
147,98032,7990,37270,147350,2135,1240,97,0.0
148,96662,7960,37004,148996,2155,1370,76,5.0
149,95409,7859,36748,150587,2174,1253,79,14.0
150,94094,7873,36496,152118,2196,1315,86,4.0
151,92854,7772,36248,153686,2217,1240,75,0.0
152,91625,7647,35941,155329,2235,1229,60,0.0
153,90402,7630,35639,156852,2254,1223,83,14.0
154,89211,7451,35494,158351,2270,1191,62,0.0
155,88041,7368,35198,159882,2288,1170,80,1.0
156,86862,7232,35004,161372,2307,1179,72,1.0
157,85689,7165,34749,162847,2327,1173,84,1.0
158,84593,7032,34442,164368,2342,1096,74,2.0
159,83508,6894,34091,165924,2360,1085,67,12.0
160,82399,6812,33760,167427,2379,1109,83,14.0
161,81344,6697,33447,168894,2395,1055,70,20.0
162,80262,6600,33198,170303,2414,1082,70,8.0
163,79155,6534,33010,171647,2431,1107,70,10.0
164,78097,6496,32623,173113,2448,1058,76,16.0
165,77024,6484,32317,174487,2465,1073,81,19.0
166,76025,6374,31955,175940,2483,999,74,51.0
167,75032,6312,31547,177384,2502,993,71,28.0
168,74045,6217,31242,178756,2517,987,78,5.0
169,73059,6096,30966,180124,2532,986,69,20.0
170,72098,5999,30595,181535,2550,961,67,21.0
171,71168,5856,30232,182952,2569,930,58,26.0
172,70237,5788,29877,184290,2585,931,61,23.0
173,69304,5728,29476,185672,2597,933,64,47.0
174,68426,5619,29115,187007,2610,878,78,34.0
175,67598,5461,28787,188293,2638,828,48,55.0
176,66684,5414,28404,189619,2656,914,45,88.0
177,65796,5372,27981,190955,2673,888,56,41.0
178,64958,5279,27668,192176,2696,838,57,141.0
179,64144,5160,27222,193530,2721,814,70,95.0
180,63301,5125,26844,194771,2736,843,73,110.0
