#time,susceptible,exposed,infectious,recovered,dead,num infections today,num hospitalisations today,num hospitalisations today (data)
0,291677,0,964,0,0,964,0,83.0
1,291668,9,849,115,0,9,0,109.0
2,291648,29,841,123,0,20,0,88.0
3,291623,54,831,133,0,25,0,62.0
4,291593,84,815,149,0,30,0,40.0
5,291559,118,795,168,1,34,0,3.0
6,291520,157,744,219,1,39,0,0.0
7,291472,196,724,248,1,48,0,0.0
8,291414,234,738,253,2,58,0,0.0
9,291341,282,740,273,5,73,1,0.0
10,291285,308,747,296,5,56,2,0.0
11,291208,351,753,322,7,77,3,0.0
12,291125,395,769,344,8,83,1,0.0
13,291032,440,769,391,9,93,2,0.0
14,290918,496,792,426,9,114,4,0.0
15,290809,532,810,481,9,109,1,0.0
16,290688,597,780,567,9,121,6,0.0
17,290537,671,815,609,9,151,4,0.0
18,290384,741,757,750,9,153,2,0.0
19,290231,801,754,846,9,153,5,0.0
20,290082,836,759,955,9,149,6,0.0
21,289915,894,868,955,9,167,7,0.0
22,289736,952,989,955,9,179,9,0.0
23,289511,1026,1140,955,9,225,3,0.0
24,289284,1100,1293,955,9,227,12,0.0
25,289049,1182,1446,955,9,235,13,0.0
26,288783,1299,1595,955,9,266,3,0.0
27,288529,1386,1762,955,9,254,10,0.0
28,288238,1498,1941,955,9,291,6,0.0
29,287856,1655,2166,955,9,382,11,0.0
30,287500,1784,2392,955,10,356,9,0.0
31,287137,1912,2627,955,10,363,12,0.0
32,286692,2091,2884,964,10,445,13,0.0
33,286253,2276,3118,984,10,439,17,0.0
34,285728,2510,3384,1009,10,525,27,0.0
35,285221,2635,3734,1039,12,507,11,0.0
36,284677,2823,4055,1073,13,544,17,0.0
37,284030,3107,4380,1111,13,647,25,0.0
38,283365,3327,4775,1159,15,665,15,0.0
39,282702,3551,5156,1217,15,663,18,0.0
40,281998,3730,5605,1290,18,704,26,0.0
41,281201,4020,6053,1346,21,797,23,0.0
42,280378,4299,6522,1421,21,823,28,0.0
43,279542,4488,7085,1503,23,836,30,0.0
44,278609,4756,7657,1596,23,933,39,0.0
45,277679,5023,8208,1708,23,930,35,0.0
46,276743,5255,8801,1817,25,936,48,0.0
47,275725,5476,9476,1935,29,1018,55,0.0
48,274682,5696,10146,2083,34,1043,47,0.0
49,273604,5938,10823,2236,40,1078,61,0.0
50,272487,6122,11601,2387,44,1117,52,0.0
51,271360,6319,12378,2536,48,1127,49,0.0
52,270160,6583,13143,2703,52,1200,64,0.0
53,268964,6761,13979,2880,57,1196,49,0.0
54,267792,6890,14795,3101,63,1172,71,0.0
55,266581,7023,15645,3323,69,1211,48,0.0
56,265346,7141,16529,3552,73,1235,70,0.0
57,263998,7362,17390,3814,77,1348,69,0.0
58,262610,7550,18332,4064,85,1388,72,0.0
59,261170,7794,19241,4351,85,1440,77,0.0
60,259692,8100,20031,4728,90,1478,64,0.0
61,258191,8390,20881,5078,101,1501,75,0.0
62,256499,8847,21751,5435,109,1692,84,0.0
63,254819,9179,22648,5876,119,1680,60,0.0
64,252987,9623,23591,6311,129,1832,95,0.0
65,251132,10038,24506,6828,137,1855,74,0.0
66,249212,10480,25467,7335,147,1920,108,0.0
67,247157,11034,26416,7874,160,2055,84,0.0
68,245062,11437,27465,8510,167,2095,73,0.0
69,242790,12029,28474,9167,181,2272,98,0.0
70,240474,12513,29643,9820,191,2316,108,0.0
71,238096,13036,30791,10514,204,2378,113,0.0
72,235653,13559,31910,11303,216,2443,95,0.0
73,233189,13968,33135,12116,233,2464,117,0.0
74,230671,14391,34391,12939,249,2518,126,0.0
75,228179,14611,35724,13865,262,2492,115,0.0
76,225618,14856,37102,14781,284,2561,145,0.0
77,223043,15053,38535,15707,303,2575,147,0.0
78,220522,15131,39957,16712,319,2521,143,0.0
79,217997,15192,41373,17743,336,2525,139,0.0
80,215384,15287,42815,18804,351,2613,155,0.0
81,212809,15370,44191,19905,366,2575,139,0.0
82,210186,15432,45617,21019,387,2623,162,0.0
83,207534,15509,46990,22197,411,2652,164,0.0
84,205006,15516,48317,23374,428,2528,168,0.0
85,202440,15557,49671,24530,443,2566,166,0.0
86,200026,15358,51066,25724,467,2414,123,0.0
87,197605,15204,52394,26944,494,2421,160,0.0
88,195296,14890,53657,28277,521,2309,158,0.0
89,192984,14550,54916,29644,547,2312,153,0.0
90,190827,14179,56001,31060,574,2157,166,0.0
91,180959,21481,57067,32521,613,9868,153,0.0
92,173811,26215,57968,34007,640,7148,150,0.0
93,167566,30039,58685,35675,676,6245,142,0.0
94,161414,33882,59315,37328,702,6152,155,0.0
95,155596,37388,59796,39133,728,5818,158,0.0
96,149945,40882,60090,40962,762,5651,140,0.0
97,144374,36585,68024,42855,803,5571,133,0.0
98,138881,34930,73118,44871,841,5493,600,0.0
99,133454,34112,77258,46939,878,5427,388,0.0
100,128152,33262,81146,49175,906,5302,383,0.0
101,122698,32898,84632,51465,948,5454,389,0.0
102,117390,32555,87890,53817,989,5308,346,0.0
103,112091,32283,91013,56226,1028,5299,351,0.0
104,106795,32086,94038,58649,1073,5296,343,0.0
105,101487,31967,96951,61129,1107,5308,341,0.0
106,96362,31790,99761,63584,1144,5125,318,0.0
107,91437,31261,102642,66117,1184,4925,311,0.0
108,86401,30989,105374,68650,1227,5036,330,2.0
109,81440,30651,108157,71130,1263,4961,329,0.0
110,76730,30065,110945,73616,1285,4710,306,0.0
111,72073,29414,113658,76184,1312,4657,327,0.0
112,67656,28706,116213,78725,1341,4417,319,0.0
113,63495,27942,118519,81311,1374,4161,300,0.0
114,59448,26953,120903,83923,1414,4047,298,0.0
115,55623,25817,123267,86408,1526,3825,318,0.0
116,51836,24894,125355,88938,1618,3787,294,8.0
117,48393,23680,127517,91330,1721,3443,283,0.0
118,45217,22439,129463,93724,1798,3176,273,0.0
119,42124,21371,131268,96004,1874,3093,279,0.0
120,39262,20186,132959,98283,1951,2862,239,0.0
121,36574,19049,134585,100400,2033,2688,255,0.0
122,34073,17763,128552,110156,2097,2501,246,0.0
123,31710,16683,124861,117212,2175,2363,222,0.0
124,29515,15702,121830,123354,2240,2195,200,0.0
125,27437,14687,118765,129429,2323,2078,193,0.0
126,25535,13727,115823,135171,2385,1902,196,0.0
127,23765,12809,112867,140745,2455,1770,178,6.0
128,22184,11889,109797,146234,2537,1581,157,0.0
129,20664,11046,106663,151663,2605,1520,155,0.0
130,19295,10220,103439,157012,2675,1369,133,1.0
131,17938,9499,100207,162249,2748,1357,139,0.0
132,16696,8839,96671,167620,2815,1242,131,0.0
133,15534,8231,93122,172866,2888,1162,118,0.0
134,14478,7706,89408,178095,2954,1056,111,0.0
135,13508,7156,85657,183309,3011,970,92,0.0
136,12647,6648,81726,188549,3071,861,96,0.0
137,11834,6104,77974,193604,3125,813,71,0.0
138,11061,5635,74313,198456,3176,773,72,0.0
139,10376,5158,70453,203425,3229,685,64,1.0
140,9750,4728,66567,208313,3283,626,70,0.0
141,9155,4353,62843,212957,3333,595,54,0.0
142,8636,4011,59046,217557,3391,519,56,0.0
143,8090,3744,55468,221914,3425,546,47,0.0
144,7604,3457,52094,226021,3465,486,56,4.0
145,7147,3229,48742,230017,3506,457,55,0.0
146,6715,3035,45568,233789,3534,432,49,3.0
147,6342,2813,42396,237522,3568,373,38,0.0
148,5990,2646,39480,240915,3610,352,45,5.0
149,5672,2418,36870,244033,3648,318,32,14.0
150,5382,2222,34266,247092,3679,290,28,4.0
151,5079,2068,31879,249914,3701,303,32,0.0
152,4796,1919,29636,252561,3729,283,25,0.0
153,4530,1812,27518,255034,3747,266,30,14.0
154,4284,1706,25528,257363,3760,246,28,0.0
155,4076,1596,23672,259516,3781,208,25,1.0
156,3890,1492,21905,261556,3798,186,22,1.0
157,3741,1338,20319,263427,3816,149,23,1.0
158,3591,1205,18838,265175,3832,150,18,2.0
159,3419,1111,17536,266728,3847,172,15,12.0
160,3278,1006,16263,268230,3864,141,17,14.0
161,3149,927,15102,269586,3877,129,17,20.0
162,3030,860,13939,270922,3890,119,18,8.0
163,2914,827,12852,272147,3901,116,16,10.0
164,2800,791,11855,273291,3904,114,11,16.0
165,2703,716,10978,274331,3913,97,9,19.0
166,2613,665,10159,275286,3918,90,6,51.0
167,2519,630,9441,276130,3921,94,10,28.0
168,2421,609,8752,276930,3929,98,6,5.0
169,2336,578,8105,277690,3932,85,6,20.0
170,2265,535,7543,278364,3934,71,8,21.0
171,2191,512,7013,278987,3938,74,8,26.0
172,2129,484,6514,279573,3941,62,2,23.0
173,2060,459,6092,280087,3943,69,3,47.0
174,1996,425,5639,280630,3951,64,6,34.0
175,1942,394,5243,281108,3954,54,5,55.0
176,1888,377,4855,281562,3959,54,2,88.0
177,1828,363,4496,281992,3962,60,2,41.0
178,1770,359,4186,282361,3965,58,1,141.0
179,1715,345,3901,282710,3970,55,5,95.0
180,1668,328,3647,283026,3972,47,3,110.0
