#time,susceptible,exposed,infectious,recovered,dead,num infections today,num hospitalisations today,num hospitalisations today (data)
-29,293287,425,0,0,0,0,0,0.0
-28,293287,425,0,0,0,0,0,0.0
-27,293287,425,0,0,0,0,0,0.0
-26,293287,425,0,0,0,0,0,0.0
-25,293287,425,0,0,0,0,0,0.0
-24,293287,425,0,0,0,0,0,0.0
-23,293287,425,0,0,0,0,0,0.0
-22,293287,425,0,0,0,0,0,0.0
-21,293287,425,0,0,0,0,0,0.0
-20,293287,374,51,0,0,0,0,0.0
-19,293281,380,51,0,0,6,0,0.0
-18,293268,370,74,0,0,13,0,0.0
-17,293246,362,104,0,0,22,0,0.0
-16,293206,363,143,0,0,40,0,0.0
-15,293132,380,199,1,0,74,0,0.0
-14,293023,364,322,3,0,109,0,0.0
-13,292847,346,516,3,0,176,0,0.0
-12,292551,398,758,5,0,296,0,0.0
-11,292052,567,1084,9,0,499,1,0.0
-10,291134,918,1642,18,0,918,1,0.0
-9,289649,1485,2549,29,0,1485,0,0.0
-8,287196,2453,4017,46,0,2453,2,0.0
-7,283352,3844,6448,68,0,3844,3,0.0
-6,277649,5703,10247,113,0,5703,4,0.0
-5,273128,4521,15900,163,0,4521,6,0.0
-4,269423,3705,20341,243,0,3705,5,0.0
-3,266113,3310,23916,372,1,3310,14,0.0
-2,263209,2904,27011,587,1,2904,14,0.0
-1,260408,2801,29618,884,1,2801,22,0.0
0,257560,2848,31961,1340,3,2848,41,40.0
1,254671,2889,34145,2004,3,2889,65,7.0
2,251432,3239,36131,2903,7,3239,98,10.0
3,247692,3740,38095,4172,13,3740,114,4.0
4,243293,4399,40139,5865,16,4399,118,3.0
5,238153,5140,42514,7883,22,5140,154,5.0
6,232277,5876,45181,10345,33,5876,126,6.0
7,225499,6778,48331,13063,41,6778,163,6.0
8,217903,7596,52069,16094,50,7596,153,9.0
9,209833,8070,56623,19124,62,8070,158,12.0
10,201432,8401,61467,22325,87,8401,168,7.0
11,192578,8854,66599,25568,113,8854,164,11.0
12,183533,9045,72096,28899,139,9045,167,18.0
13,174401,9132,77668,32343,168,9132,192,13.0
14,165083,9318,83231,35885,195,9318,221,27.0
15,155821,9262,88802,39596,231,9262,227,23.0
16,152971,2850,94002,43626,263,2850,232,33.0
17,149974,2997,92328,48111,302,2997,259,23.0
18,146867,3107,90462,52947,329,3107,308,35.0
19,143727,3140,88255,58238,352,3140,315,26.0
20,140486,3241,85428,64165,392,3241,368,23.0
21,137254,3232,82403,70389,434,3232,370,15.0
22,133990,3264,78717,77261,480,3264,397,1.0
23,132329,1661,74843,84345,534,1661,369,0.0
24,130614,1715,69017,91776,590,1715,392,0.0
25,128944,1670,63252,99196,650,1670,359,0.0
26,127153,1791,57621,106426,721,1791,375,0.0
27,125416,1737,52298,113465,796,1737,316,0.0
28,123680,1736,47389,120041,866,1736,274,0.0
29,121860,1820,42964,126126,942,1820,262,0.0
30,120085,1775,39116,131712,1024,1775,212,0.0
31,118316,1769,35851,136678,1098,1769,204,0.0
32,116577,1739,33119,141101,1176,1739,176,0.0
33,114856,1721,30826,145064,1245,1721,142,0.0
34,113160,1696,28967,148557,1332,1696,144,0.0
35,111484,1676,27438,151713,1401,1676,141,0.0
36,109849,1635,26296,154472,1460,1635,119,0.0
37,108230,1619,25336,157012,1515,1619,105,0.0
38,106561,1669,24535,159372,1575,1669,92,0.0
39,104992,1569,23925,161606,1620,1569,90,0.0
40,103443,1549,23364,163690,1666,1549,95,0.0
41,101895,1548,22947,165619,1703,1548,116,0.0
42,100314,1581,22557,167513,1747,1581,95,0.0
43,98774,1540,22291,169335,1772,1540,104,0.0
44,97226,1548,21959,171176,1803,1548,87,0.0
45,95837,1389,21672,172984,1830,1389,79,0.0
46,94406,1431,21337,174686,1852,1431,77,0.0
47,93021,1385,21035,176401,1870,1385,79,0.0
48,91604,1417,20741,178061,1889,1417,70,0.0
49,90238,1366,20503,179692,1913,1366,91,0.0
50,88909,1329,20280,181260,1934,1329,72,0.0
51,87537,1372,20045,182803,1955,1372,79,0.0
52,86212,1325,19810,184396,1969,1325,78,0.0
53,84903,1309,19461,186054,1985,1309,75,0.0
54,83638,1265,19232,187576,2001,1265,84,0.0
55,82361,1277,18929,189122,2023,1277,80,0.0
56,81106,1255,18611,190696,2044,1255,108,0.0
57,79924,1182,18330,192219,2057,1182,70,0.0
58,78651,1273,18029,193680,2079,1273,77,0.0
59,77488,1163,17763,195192,2106,1163,56,0.0
60,76285,1203,17457,196641,2126,1203,72,0.0
61,75083,1202,17211,198076,2140,1202,65,0.0
62,73927,1156,17008,199465,2156,1156,74,0.0
63,72842,1085,16848,200771,2166,1085,62,0.0
64,71720,1122,16594,202088,2188,1122,57,0.0
65,70596,1124,16385,203400,2207,1124,60,0.0
66,69520,1076,16137,204750,2229,1076,62,0.0
67,68435,1085,15845,206100,2247,1085,60,0.0
68,67392,1043,15687,207329,2261,1043,67,0.0
69,66342,1050,15508,208531,2281,1050,57,0.0
70,65358,984,15280,209797,2293,984,46,0.0
71,64381,977,14968,211075,2311,977,61,0.0
72,63456,925,14695,212314,2322,925,51,0.0
73,62543,913,14429,213491,2336,913,56,0.0
74,61640,903,14134,214678,2357,903,58,0.0
75,60763,877,13858,215841,2373,877,63,0.0
76,59890,873,13578,216983,2388,873,54,0.0
77,59001,889,13309,218115,2398,889,43,0.0
78,58042,959,13134,219161,2416,959,51,0.0
79,57087,955,12999,220243,2428,955,57,0.0
80,56182,905,12901,221282,2442,905,58,0.0
81,55343,839,12734,222346,2450,839,47,0.0
82,54468,875,12488,223418,2463,875,43,0.0
83,53598,870,12404,224370,2470,870,52,0.0
84,52813,785,12294,225339,2481,785,41,0.0
85,51949,864,12067,226336,2496,864,41,0.0
86,51067,882,11970,227281,2512,882,34,0.0
87,50273,794,11882,228238,2525,794,53,0.0
88,49495,778,11744,229161,2534,778,52,0.0
89,48728,767,11649,230026,2542,767,48,0.0
90,47987,741,11423,231009,2552,741,45,0.0
91,47245,742,11221,231939,2565,742,37,0.0
92,46508,737,11054,232834,2579,737,39,0.0
93,45815,693,10896,233719,2589,693,33,0.0
94,45081,734,10749,234550,2598,734,45,0.0
95,44348,733,10561,235454,2616,733,35,0.0
96,43673,675,10413,236325,2626,675,32,0.0
97,43060,613,10264,237140,2635,613,38,0.0
98,42386,674,10013,237998,2641,674,31,0.0
99,41745,641,9882,238792,2652,641,42,0.0
100,41153,592,9723,239582,2662,592,29,0.0
101,40527,626,9504,240386,2669,626,35,0.0
102,39908,619,9303,241205,2677,619,26,0.0
103,39345,563,9163,241955,2686,563,30,0.0
104,38790,555,8949,242723,2695,555,40,0.0
105,38218,572,8707,243507,2708,572,25,0.0
106,37663,555,8532,244242,2720,555,29,0.0
107,37116,547,8363,244960,2726,547,38,0.0
108,36575,541,8204,245662,2730,541,29,0.0
109,36051,524,8066,246335,2736,524,35,0.0
110,35556,495,7928,246989,2744,495,34,0.0
111,35050,506,7750,247655,2751,506,33,0.0
112,34571,479,7613,248290,2759,479,33,0.0
113,34121,450,7403,248972,2766,450,33,0.0
114,33664,457,7281,249540,2770,457,30,0.0
115,33208,456,7104,250168,2776,456,20,0.0
116,32771,437,6924,250798,2782,437,32,0.0
117,32298,473,6762,251392,2787,473,25,0.0
118,31889,409,6680,251941,2793,409,30,0.0
119,31480,409,6582,252444,2797,409,19,0.0
120,31072,408,6431,252995,2806,408,25,0.0
121,30671,401,6270,253557,2813,401,19,0.0
122,30252,419,6154,254065,2822,419,23,0.0
123,29859,393,6023,254607,2830,393,22,0.0
124,29458,401,5947,255067,2839,401,27,0.0
125,29064,394,5851,255560,2843,394,19,0.0
126,28704,360,5720,256078,2850,360,23,0.0
127,28338,366,5568,256580,2860,366,22,0.0
128,27962,376,5448,257059,2867,376,32,0.0
129,27603,359,5395,257483,2872,359,18,0.0
130,27246,357,5330,257901,2878,357,29,0.0
131,26885,361,5278,258301,2887,361,25,0.0
132,26545,340,5227,258710,2890,340,25,0.0
133,26217,328,5132,259139,2896,328,16,0.0
134,25896,321,5008,259582,2905,321,19,0.0
135,25598,298,4916,259989,2911,298,16,0.0
136,25274,324,4768,260428,2918,324,17,0.0
137,24975,299,4707,260808,2923,299,16,0.0
138,24675,300,4618,261192,2927,300,17,0.0
139,24366,309,4527,261580,2930,309,14,0.0
140,24088,278,4430,261980,2936,278,24,0.0
141,23797,291,4363,262323,2938,291,14,0.0
142,23501,296,4262,262710,2943,296,19,0.0
143,23230,271,4215,263047,2949,271,11,0.0
144,22966,264,4131,263399,2952,264,15,0.0
145,22678,288,4050,263742,2954,288,14,0.0
146,22411,267,4001,264074,2959,267,7,0.0
147,22136,275,3925,264412,2964,275,11,0.0
148,21878,258,3865,264745,2966,258,10,0.0
149,21623,255,3831,265033,2970,255,15,0.0
150,21360,263,3769,265347,2973,263,14,0.0
151,21136,224,3704,265672,2976,224,13,0.0
152,20894,242,3659,265940,2977,242,12,0.0
153,20637,257,3577,266259,2982,257,9,0.0
154,20407,230,3532,266559,2984,230,16,0.0
155,20192,215,3478,266841,2986,215,11,0.0
156,19953,239,3414,267118,2988,239,10,0.0
157,19704,249,3375,267391,2993,249,14,0.0
158,19508,196,3346,267666,2996,196,10,0.0
159,19279,229,3284,267921,2999,229,21,0.0
160,19052,227,3232,268197,3004,227,7,0.0
161,18811,241,3199,268454,3007,241,12,0.0
162,18594,217,3154,268737,3010,217,6,0.0
163,18410,184,3079,269027,3012,184,9,0.0
164,18184,226,3000,269288,3014,226,16,0.0
165,18017,167,3001,269508,3019,167,11,0.0
166,17809,208,2933,269739,3023,208,8,0.0
167,17627,182,2915,269964,3024,182,12,0.0
168,17456,171,2876,270184,3025,171,18,0.0
169,17279,177,2806,270423,3027,177,11,0.0
170,17124,155,2777,270626,3030,155,6,0.0
171,16936,188,2695,270859,3034,188,13,0.0
172,16759,177,2640,271101,3035,177,6,0.0
173,16582,177,2589,271327,3037,177,10,0.0
174,16409,173,2559,271531,3040,173,8,0.0
175,16248,161,2492,271770,3041,161,6,0.0
176,16099,149,2442,271977,3045,149,11,0.0
177,15948,151,2425,272142,3046,151,6,0.0
178,15772,176,2374,272343,3047,176,10,0.0
179,15620,152,2344,272544,3052,152,7,0.0
180,15468,152,2330,272708,3054,152,7,0.0
