#time,susceptible,exposed,infectious,recovered,dead,num infections today,num hospitalisations today,num hospitalisations today (data)
-29,317274,425,0,0,0,0,0,0.0
-28,317274,425,0,0,0,0,0,0.0
-27,317274,425,0,0,0,0,0,0.0
-26,317274,425,0,0,0,0,0,0.0
-25,317274,425,0,0,0,0,0,0.0
-24,317274,425,0,0,0,0,0,0.0
-23,317274,425,0,0,0,0,0,0.0
-22,317274,425,0,0,0,0,0,0.0
-21,317274,425,0,0,0,0,0,0.0
-20,317274,374,51,0,0,0,0,0.0
-19,317273,375,51,0,0,1,0,0.0
-18,317272,358,69,0,0,1,0,0.0
-17,317271,341,86,1,0,1,0,0.0
-16,317268,326,104,1,0,3,0,0.0
-15,317263,311,124,1,0,5,0,0.0
-14,317258,260,180,1,0,5,0,0.0
-13,317247,181,268,3,0,11,1,0.0
-12,317236,113,346,4,0,11,0,0.0
-11,317226,78,386,9,0,10,0,0.0
-10,317202,24,455,18,0,24,1,0.0
-9,317186,16,470,27,0,16,0,0.0
-8,317156,30,478,35,0,30,1,0.0
-7,317115,41,492,51,0,41,0,0.0
-6,317080,35,517,67,0,35,1,0.0
-5,317023,57,527,92,0,57,3,0.0
-4,316953,70,553,123,0,70,2,0.0
-3,316880,73,592,154,0,73,1,0.0
-2,316787,93,637,182,0,93,4,0.0
-1,316697,90,693,219,0,90,0,0.0
0,316586,111,735,264,3,111,3,40.0
1,316455,131,809,301,3,131,5,7.0
2,316314,141,892,348,4,141,4,10.0
3,316138,176,989,392,4,176,3,4.0
4,315948,190,1120,436,5,190,2,3.0
5,315716,232,1262,483,6,232,3,5.0
6,315451,265,1451,526,6,265,1,6.0
7,315178,273,1657,585,6,273,1,6.0
8,314883,295,1884,631,6,295,1,9.0
9,314598,285,2109,701,6,285,3,12.0
10,314346,252,2317,777,7,252,5,7.0
11,314054,292,2483,863,7,292,4,11.0
12,313751,303,2666,972,7,303,1,18.0
13,313433,318,2882,1058,8,318,2,13.0
14,313065,368,3052,1205,9,368,3,27.0
15,312665,400,3272,1353,9,400,8,23.0
16,312499,166,3499,1526,9,166,5,33.0
17,312297,202,3500,1691,9,202,6,23.0
18,312078,219,3483,1908,11,219,7,35.0
19,311852,226,3483,2126,12,226,12,26.0
20,311620,232,3468,2366,13,232,8,23.0
21,311352,268,3431,2634,14,268,10,15.0
22,311130,222,3473,2860,14,222,8,1.0
23,311072,58,3421,3131,17,58,9,0.0
24,310998,74,3223,3386,18,74,9,0.0
25,310919,79,3035,3647,19,79,12,0.0
26,310830,89,2833,3925,22,89,9,0.0
27,310748,82,2651,4193,25,82,13,0.0
28,310660,88,2477,4449,25,88,9,0.0
29,310578,82,2281,4731,27,82,8,0.0
30,310474,104,2079,5014,28,104,11,0.0
31,310376,98,1915,5279,31,98,10,0.0
32,310282,94,1799,5491,33,94,11,0.0
33,310182,100,1673,5710,34,100,2,0.0
34,310085,97,1576,5905,36,97,8,0.0
35,309977,108,1487,6091,36,108,1,0.0
36,309875,102,1428,6256,38,102,6,0.0
37,309749,126,1366,6420,38,126,6,0.0
38,309634,115,1372,6538,40,115,2,0.0
39,309511,123,1366,6655,44,123,2,0.0
40,309395,116,1381,6761,46,116,0,0.0
41,309286,109,1390,6867,47,109,2,0.0
42,309169,117,1397,6968,48,117,10,0.0
43,309055,114,1415,7067,48,114,7,0.0
44,308929,126,1426,7168,50,126,6,0.0
45,308813,116,1459,7259,52,116,10,0.0
46,308693,120,1474,7360,52,120,4,0.0
47,308574,119,1490,7462,54,119,4,0.0
48,308440,134,1505,7566,54,134,6,0.0
49,308344,96,1541,7662,56,96,5,0.0
50,308202,142,1520,7779,56,142,6,0.0
51,308082,120,1565,7876,56,120,3,0.0
52,307943,139,1565,7994,58,139,5,0.0
53,307791,152,1606,8092,58,152,6,0.0
54,307646,145,1650,8200,58,145,10,0.0
55,307519,127,1676,8318,59,127,3,0.0
56,307355,164,1696,8423,61,164,4,0.0
57,307202,153,1748,8535,61,153,7,0.0
58,307038,164,1771,8665,61,164,8,0.0
59,306875,163,1821,8779,61,163,5,0.0
60,306721,154,1875,8888,61,154,9,0.0
61,306568,153,1896,9021,61,153,3,0.0
62,306400,168,1912,9157,62,168,8,0.0
63,306226,174,1952,9284,63,174,6,0.0
64,306046,180,1999,9410,64,180,10,0.0
65,305877,169,2059,9529,65,169,8,0.0
66,305698,179,2086,9666,70,179,3,0.0
67,305493,205,2112,9819,70,205,7,0.0
68,305315,178,2174,9961,71,178,4,0.0
69,305130,185,2212,10097,75,185,4,0.0
70,304929,201,2237,10255,77,201,8,0.0
71,304758,171,2309,10384,77,171,5,0.0
72,304571,187,2323,10539,79,187,4,0.0
73,304382,189,2359,10687,82,189,7,0.0
74,304213,169,2386,10848,83,169,7,0.0
75,304003,210,2395,11006,85,210,12,0.0
76,303804,199,2425,11184,87,199,7,0.0
77,303587,217,2455,11352,88,217,6,0.0
78,303029,558,2497,11526,89,558,7,0.0
79,302471,558,2886,11692,92,558,15,0.0
80,301883,588,3252,11883,93,588,10,0.0
81,301314,569,3645,12078,93,569,9,0.0
82,300710,604,4026,12264,95,604,3,0.0
83,300117,593,4473,12421,95,593,9,0.0
84,299522,595,4873,12611,98,595,9,0.0
85,298877,645,5271,12806,100,645,10,0.0
86,298234,643,5732,12988,102,643,11,0.0
87,297586,648,6142,13218,105,648,10,0.0
88,296935,651,6534,13471,108,651,17,0.0
89,296263,672,6885,13770,109,672,22,0.0
90,295553,710,7237,14085,114,710,19,0.0
91,294840,713,7556,14474,116,713,19,0.0
92,294142,698,7852,14887,120,698,29,0.0
93,293437,705,8093,15343,121,705,18,0.0
94,292712,725,8336,15802,124,725,29,0.0
95,291916,796,8550,16309,128,796,35,0.0
96,291113,803,8794,16860,129,803,25,0.0
97,290253,860,9042,17412,132,860,26,0.0
98,289427,826,9291,18018,137,826,26,0.0
99,288607,820,9490,18639,143,820,25,0.0
100,287748,859,9634,19311,147,859,24,0.0
101,286913,835,9868,19928,155,835,32,0.0
102,286041,872,10114,20516,156,872,38,0.0
103,285164,877,10273,21222,163,877,25,0.0
104,284274,890,10464,21900,171,890,45,0.0
105,283382,892,10648,22596,181,892,46,0.0
106,282400,982,10822,23309,186,982,45,0.0
107,281437,963,11105,23998,196,963,29,0.0
108,280477,960,11323,24734,205,960,36,0.0
109,279557,920,11459,25550,213,920,43,0.0
110,278573,984,11570,26350,222,984,38,0.0
111,277619,954,11790,27106,230,954,39,0.0
112,276587,1032,11941,27900,239,1032,44,0.0
113,275584,1003,12094,28773,245,1003,44,0.0
114,274510,1074,12265,29595,255,1074,37,0.0
115,273479,1031,12500,30427,262,1031,43,0.0
116,272434,1045,12650,31295,275,1045,62,0.0
117,271387,1047,12836,32144,285,1047,42,0.0
118,270325,1062,13000,33021,291,1062,52,0.0
119,269176,1149,13123,33952,299,1149,52,0.0
120,268088,1088,13385,34830,308,1088,54,0.0
121,266955,1133,13544,35745,322,1133,52,0.0
122,265804,1151,13740,36672,332,1151,45,0.0
123,264668,1136,13957,37593,345,1136,48,0.0
124,263511,1157,14100,38574,357,1157,56,0.0
125,262334,1177,14257,39555,376,1177,53,0.0
126,261134,1200,14444,40532,389,1200,56,0.0
127,259975,1159,14637,41526,402,1159,41,0.0
128,258815,1160,14775,42537,412,1160,55,0.0
129,257606,1209,14875,43585,424,1209,46,0.0
130,256449,1157,15040,44616,437,1157,53,0.0
131,255214,1235,15106,45696,448,1235,55,0.0
132,253982,1232,15259,46764,462,1232,67,0.0
133,252809,1173,15455,47782,480,1173,57,0.0
134,251562,1247,15525,48875,490,1247,55,0.0
135,250347,1215,15673,49964,500,1215,54,0.0
136,249044,1303,15755,51092,505,1303,59,0.0
137,247776,1268,15870,52267,518,1268,64,0.0
138,246458,1318,16012,53378,533,1318,60,0.0
139,245243,1215,16149,54543,549,1215,79,0.0
140,244005,1238,16164,55731,561,1238,60,0.0
141,242741,1264,16262,56861,571,1264,60,0.0
142,241399,1342,16372,58003,583,1342,67,0.0
143,240128,1271,16533,59171,596,1271,68,0.0
144,238860,1268,16585,60377,609,1268,50,0.0
145,237619,1241,16666,61548,625,1241,73,0.0
146,236427,1192,16732,62706,642,1192,71,0.0
147,235186,1241,16709,63908,655,1241,58,0.0
148,233907,1279,16691,65155,667,1279,81,0.0
149,232584,1323,16738,66368,686,1323,64,0.0
150,231286,1298,16884,67523,708,1298,69,0.0
151,229949,1337,16878,68811,724,1337,81,0.0
152,228660,1289,16956,70054,740,1289,70,0.0
153,227318,1342,16951,71336,752,1342,58,0.0
154,225967,1351,17065,72548,768,1351,69,0.0
155,224718,1249,17174,73772,786,1249,62,0.0
156,223436,1282,17143,75040,798,1282,45,0.0
157,222167,1269,17150,76302,811,1269,47,0.0
158,220842,1325,17125,77582,825,1325,69,0.0
159,219501,1341,17183,78837,837,1341,62,0.0
160,218179,1322,17239,80105,854,1322,78,0.0
161,216851,1328,17270,81382,868,1328,62,0.0
162,215566,1285,17346,82617,885,1285,71,0.0
163,214315,1251,17355,83888,890,1251,78,0.0
164,213128,1187,17301,85174,909,1187,66,0.0
165,211903,1225,17248,86395,928,1225,70,0.0
166,210636,1267,17168,87689,939,1267,54,0.0
167,209376,1260,17165,88945,953,1260,77,0.0
168,208067,1309,17104,90254,965,1309,60,0.0
169,206804,1263,17139,91511,982,1263,57,0.0
170,205507,1297,17048,92845,1002,1297,67,0.0
171,204323,1184,17032,94137,1023,1184,61,0.0
172,202986,1337,16902,95435,1039,1337,67,0.0
173,201682,1304,16914,96743,1056,1304,76,0.0
174,200412,1270,16905,98046,1066,1270,56,0.0
175,199168,1244,16913,99292,1082,1244,67,0.0
176,197905,1263,16922,100509,1100,1263,53,0.0
177,196671,1234,16924,101755,1115,1234,75,0.0
178,195457,1214,16885,103017,1126,1214,59,0.0
179,194223,1234,16811,104290,1141,1234,56,0.0
180,192996,1227,16727,105592,1157,1227,70,0.0
