#time,susceptible,exposed,infectious,recovered,dead,num infections today,num hospitalisations today,num hospitalisations today (data)
-29,292245,425,0,0,0,0,0,0.0
-28,292245,425,0,0,0,0,0,0.0
-27,292245,425,0,0,0,0,0,0.0
-26,292245,425,0,0,0,0,0,0.0
-25,292245,425,0,0,0,0,0,0.0
-24,292245,425,0,0,0,0,0,0.0
-23,292245,425,0,0,0,0,0,0.0
-22,292245,425,0,0,0,0,0,0.0
-21,292245,425,0,0,0,0,0,0.0
-20,292245,374,51,0,0,0,0,0.0
-19,292245,374,51,0,0,0,0,0.0
-18,292240,362,68,0,0,5,0,0.0
-17,292218,362,90,0,0,22,0,0.0
-16,292196,345,129,0,0,22,0,0.0
-15,292165,337,167,1,0,31,0,0.0
-14,292115,305,247,3,0,50,0,0.0
-13,292028,257,380,5,0,87,0,0.0
-12,291886,244,535,5,0,142,0,0.0
-11,291642,312,706,10,0,244,0,0.0
-10,291166,476,1015,13,0,476,0,0.0
-9,290443,723,1488,16,0,723,0,0.0
-8,289238,1205,2197,30,0,1205,2,0.0
-7,287258,1980,3386,46,0,1980,1,0.0
-6,284031,3227,5337,75,0,3227,4,0.0
-5,279247,4784,8520,119,0,4784,2,0.0
-4,274169,5078,13246,177,0,5078,10,0.0
-3,270126,4043,18244,257,0,4043,6,0.0
-2,266720,3406,22169,375,0,3406,10,0.0
-1,263886,2834,25410,539,1,2834,17,0.0
0,261222,2664,28030,753,1,2664,32,40.0
1,258811,2411,30326,1120,2,2411,35,7.0
2,256549,2262,32184,1673,2,2262,60,10.0
3,254163,2386,33630,2489,2,2386,84,4.0
4,251693,2470,34933,3571,3,2470,88,3.0
5,248949,2744,35919,5053,5,2744,132,5.0
6,245834,3115,36821,6885,15,3115,131,6.0
7,242018,3816,37738,9075,23,3816,173,6.0
8,237729,4289,38967,11649,36,4289,164,9.0
9,232711,5018,40395,14501,45,5018,171,12.0
10,226850,5861,42511,17390,58,5861,171,7.0
11,220176,6674,45398,20341,81,6674,155,11.0
12,213019,7157,48997,23392,105,7157,158,18.0
13,205191,7828,53174,26344,133,7828,127,13.0
14,196940,8251,58073,29251,155,8251,133,27.0
15,188651,8289,63256,32275,199,8289,121,23.0
16,185897,2754,68569,35224,226,2754,154,33.0
17,182888,3009,68273,38252,248,3009,171,23.0
18,179623,3265,68124,41383,275,3265,172,35.0
19,176365,3258,67957,44772,318,3258,208,26.0
20,172998,3367,67354,48599,352,3367,217,23.0
21,169601,3397,66516,52767,389,3397,250,15.0
22,166124,3477,65390,57254,425,3477,271,1.0
23,164332,1792,63865,62225,456,1792,285,0.0
24,162505,1827,60144,67699,495,1827,299,0.0
25,160621,1884,56357,73270,538,1884,277,0.0
26,158609,2012,52572,78903,574,2012,262,0.0
27,156597,2012,48837,84615,609,2012,271,0.0
28,154562,2035,45306,90097,670,2035,232,0.0
29,152593,1969,41978,95405,725,1969,237,0.0
30,150577,2016,39037,100265,775,2016,209,0.0
31,148506,2071,36450,104804,839,2071,191,0.0
32,146503,2003,34327,108944,893,2003,151,0.0
33,144449,2054,32626,112599,942,2054,152,0.0
34,142418,2031,31200,116011,1010,2031,161,0.0
35,140414,2004,30043,119139,1070,2004,126,0.0
36,138447,1967,29194,121934,1128,1967,109,0.0
37,136466,1981,28524,124512,1187,1981,97,0.0
38,134524,1942,27905,127073,1226,1942,122,0.0
39,132613,1911,27466,129406,1274,1911,106,0.0
40,130730,1883,27149,131596,1312,1883,114,0.0
41,128770,1960,26861,133734,1345,1960,108,0.0
42,126886,1884,26658,135861,1381,1884,102,0.0
43,125046,1840,26416,137944,1424,1840,110,0.0
44,123280,1766,26211,139957,1456,1766,109,0.0
45,121445,1835,25928,141969,1493,1835,106,0.0
46,119720,1725,25693,144010,1522,1725,102,0.0
47,117874,1846,25456,145953,1541,1846,84,0.0
48,116193,1681,25265,147968,1563,1681,105,0.0
49,114517,1676,24904,149977,1596,1676,111,0.0
50,112851,1666,24581,151949,1623,1666,73,0.0
51,111210,1641,24285,153887,1647,1641,90,0.0
52,109552,1658,24078,155711,1671,1658,106,0.0
53,107918,1634,23783,157646,1689,1634,88,0.0
54,106285,1633,23445,159593,1714,1633,102,0.0
55,104691,1594,23229,161420,1736,1594,110,0.0
56,103133,1558,22959,163267,1753,1558,96,0.0
57,101572,1561,22714,165055,1768,1561,97,0.0
58,100079,1493,22434,166873,1791,1493,80,0.0
59,98425,1654,22161,168608,1822,1654,78,0.0
60,96931,1494,22046,170365,1834,1494,95,0.0
61,95462,1469,21795,172093,1851,1469,94,0.0
62,93967,1495,21551,173781,1876,1495,102,0.0
63,92562,1405,21307,175498,1898,1405,75,0.0
64,91138,1424,21006,177184,1918,1424,74,0.0
65,89733,1405,20734,178864,1934,1405,89,0.0
66,88349,1384,20429,180551,1957,1384,84,0.0
67,86990,1359,20176,182170,1975,1359,89,0.0
68,85613,1377,19892,183791,1997,1377,88,0.0
69,84371,1242,19732,185317,2008,1242,92,0.0
70,83027,1344,19376,186900,2023,1344,85,0.0
71,81750,1277,19155,188442,2046,1277,90,0.0
72,80491,1259,18942,189912,2066,1259,81,0.0
73,79300,1191,18661,191438,2080,1191,83,0.0
74,78071,1229,18385,192882,2103,1229,84,0.0
75,76873,1198,18073,194394,2132,1198,59,0.0
76,75669,1204,17801,195845,2151,1204,65,0.0
77,74542,1127,17593,197238,2170,1127,73,0.0
78,71721,2821,17316,198619,2193,2821,63,0.0
79,69166,2555,18691,200048,2210,2555,76,0.0
80,66773,2393,19840,201434,2230,2393,55,0.0
81,64605,2168,20859,202790,2248,2168,58,0.0
82,62693,1912,21675,204126,2264,1912,70,0.0
83,60783,1910,22251,205450,2276,1910,81,0.0
84,59026,1757,22839,206758,2290,1757,84,0.0
85,57381,1645,23231,208105,2308,1645,53,0.0
86,55879,1502,23504,209457,2328,1502,68,0.0
87,54445,1434,23705,210741,2345,1434,61,0.0
88,53076,1369,23666,212199,2360,1369,82,0.0
89,51718,1358,23540,213677,2377,1358,87,0.0
90,50521,1197,23244,215313,2395,1197,93,0.0
91,49372,1149,22722,217008,2419,1149,104,0.0
92,48277,1095,22012,218856,2430,1095,92,0.0
93,47235,1042,21271,220675,2447,1042,124,0.0
94,46289,946,20315,222653,2467,946,106,0.0
95,45297,992,19347,224549,2485,992,103,0.0
96,44398,899,18503,226364,2506,899,97,0.0
97,43465,933,17583,228165,2524,933,82,0.0
98,42642,823,16845,229817,2543,823,76,0.0
99,41807,835,15998,231464,2566,835,92,0.0
100,41035,772,15237,233047,2579,772,63,0.0
101,40277,758,14506,234526,2603,758,73,0.0
102,39559,718,13883,235891,2619,718,67,0.0
103,38847,712,13213,237258,2640,712,56,0.0
104,38182,665,12657,238505,2661,665,57,0.0
105,37523,659,12046,239767,2675,659,49,0.0
106,36916,607,11593,240864,2690,607,50,0.0
107,36310,606,11081,241962,2711,606,44,0.0
108,35693,617,10670,242960,2730,617,51,0.0
109,35115,578,10304,243934,2739,578,46,0.0
110,34616,499,9890,244910,2755,499,32,0.0
111,34091,525,9472,245811,2771,525,43,0.0
112,33582,509,9103,246692,2784,509,25,0.0
113,33083,499,8771,247525,2792,499,36,0.0
114,32602,481,8453,248335,2799,481,35,0.0
115,32128,474,8112,249145,2811,474,42,0.0
116,31643,485,7849,249874,2819,485,29,0.0
117,31172,471,7642,250559,2826,471,22,0.0
118,30729,443,7457,251205,2836,443,36,0.0
119,30301,428,7253,251842,2846,428,32,0.0
120,29871,430,7032,252481,2856,430,20,0.0
121,29456,415,6774,253163,2862,415,18,0.0
122,29072,384,6586,253759,2869,384,34,0.0
123,28686,386,6374,254347,2877,386,22,0.0
124,28313,373,6197,254901,2886,373,15,0.0
125,27918,395,6019,255442,2896,395,24,0.0
126,27575,343,5891,255959,2902,343,23,0.0
127,27197,378,5693,256492,2910,378,18,0.0
128,26844,353,5582,256975,2916,353,14,0.0
129,26462,382,5467,257437,2922,382,15,0.0
130,26129,333,5360,257922,2926,333,19,0.0
131,25779,350,5254,258358,2929,350,14,0.0
132,25498,281,5113,258846,2932,281,21,0.0
133,25175,323,4949,259287,2936,323,11,0.0
134,24857,318,4844,259710,2941,318,19,0.0
135,24541,316,4746,260120,2947,316,13,0.0
136,24244,297,4668,260510,2951,297,20,0.0
137,23947,297,4570,260900,2956,297,16,0.0
138,23642,305,4501,261262,2960,305,16,0.0
139,23348,294,4428,261637,2963,294,18,0.0
140,23065,283,4360,261998,2964,283,19,0.0
141,22791,274,4267,262369,2969,274,14,0.0
142,22511,280,4168,262736,2975,280,14,0.0
143,22224,287,4111,263071,2977,287,11,0.0
144,21940,284,4073,263394,2979,284,12,0.0
145,21682,258,4033,263716,2981,258,11,0.0
146,21430,252,3971,264031,2986,252,19,0.0
147,21164,266,3884,264365,2991,266,13,0.0
148,20934,230,3828,264681,2997,230,8,0.0
149,20660,274,3721,265014,3001,274,8,0.0
150,20436,224,3688,265320,3002,224,15,0.0
151,20180,256,3595,265633,3006,256,12,0.0
152,19904,276,3564,265918,3008,276,15,0.0
153,19667,237,3547,266208,3011,237,6,0.0
154,19419,248,3516,266474,3013,248,8,0.0
155,19207,212,3472,266764,3015,212,12,0.0
156,18982,225,3415,267026,3022,225,11,0.0
157,18771,211,3367,267295,3026,211,10,0.0
158,18554,217,3296,267574,3029,217,9,0.0
159,18366,188,3254,267831,3031,188,18,0.0
160,18162,204,3167,268103,3034,204,11,0.0
161,17960,202,3091,268379,3038,202,9,0.0
162,17762,198,3041,268630,3039,198,9,0.0
163,17575,187,2981,268888,3039,187,12,0.0
164,17363,212,2915,269140,3040,212,13,0.0
165,17148,215,2891,269374,3042,215,6,0.0
166,16951,197,2866,269612,3044,197,9,0.0
167,16767,184,2810,269865,3044,184,12,0.0
168,16557,210,2775,270083,3045,210,15,0.0
169,16384,173,2773,270293,3047,173,4,0.0
170,16213,171,2683,270553,3050,171,8,0.0
171,16024,189,2624,270781,3052,189,9,0.0
172,15851,173,2596,270995,3055,173,7,0.0
173,15672,179,2557,271205,3057,179,9,0.0
174,15530,142,2539,271399,3060,142,7,0.0
175,15378,152,2494,271585,3061,152,7,0.0
176,15219,159,2444,271783,3065,159,5,0.0
177,15065,154,2381,272003,3067,154,6,0.0
178,14886,179,2349,272187,3069,179,2,0.0
179,14723,163,2328,272386,3070,163,17,0.0
180,14575,148,2302,272571,3074,148,9,0.0
