#time,susceptible,exposed,infectious,recovered,dead,num infections today,num hospitalisations today,num hospitalisations today (data)
-29,327772,425,0,0,0,0,0,0.0
-28,327772,425,0,0,0,0,0,0.0
-27,327772,425,0,0,0,0,0,0.0
-26,327772,425,0,0,0,0,0,0.0
-25,327772,425,0,0,0,0,0,0.0
-24,327772,425,0,0,0,0,0,0.0
-23,327772,425,0,0,0,0,0,0.0
-22,327772,425,0,0,0,0,0,0.0
-21,327772,425,0,0,0,0,0,0.0
-20,327772,374,51,0,0,0,0,0.0
-19,327771,375,51,0,0,1,0,0.0
-18,327768,360,69,0,0,3,0,0.0
-17,327767,341,89,0,0,1,0,0.0
-16,327765,325,107,0,0,2,0,0.0
-15,327762,309,126,0,0,3,0,0.0
-14,327754,263,180,0,0,8,0,0.0
-13,327744,180,272,1,0,10,0,0.0
-12,327731,115,347,4,0,13,1,0.0
-11,327711,88,391,7,0,20,1,0.0
-10,327694,17,473,13,0,17,0,0.0
-9,327670,24,481,22,0,24,0,0.0
-8,327633,37,495,32,0,37,0,0.0
-7,327596,37,514,50,0,37,1,0.0
-6,327557,39,534,67,0,39,1,0.0
-5,327498,59,548,92,0,59,1,0.0
-4,327441,57,577,122,0,57,4,0.0
-3,327372,69,599,157,0,69,5,0.0
-2,327292,80,640,185,0,80,3,0.0
-1,327211,81,689,215,1,81,4,0.0
0,327115,96,727,258,1,96,6,40.0
1,327003,112,779,302,1,112,5,7.0
2,326888,115,839,354,1,115,4,10.0
3,326755,133,896,412,1,133,0,4.0
4,326618,137,975,463,4,137,1,3.0
5,326437,181,1058,517,4,181,2,5.0
6,326238,199,1185,570,5,199,1,6.0
7,326011,227,1335,619,5,227,1,6.0
8,325760,251,1506,674,6,251,2,9.0
9,325442,318,1699,730,8,318,2,12.0
10,325096,346,1954,793,8,346,5,7.0
11,324744,352,2218,875,8,352,7,11.0
12,324369,375,2485,959,9,375,4,18.0
13,323942,427,2767,1052,9,427,6,13.0
14,323451,491,3091,1155,9,491,3,27.0
15,322886,565,3453,1284,9,565,2,23.0
16,322306,580,3896,1405,10,580,9,33.0
17,321641,665,4335,1546,10,665,6,23.0
18,320969,672,4849,1696,11,672,6,35.0
19,320150,819,5347,1870,11,819,10,26.0
20,319247,903,5952,2083,12,903,11,23.0
21,318232,1015,6624,2314,12,1015,7,15.0
22,317171,1061,7332,2618,15,1061,15,1.0
23,316045,1126,8139,2870,17,1126,12,0.0
24,314831,1214,8922,3210,20,1214,9,0.0
25,313412,1419,9763,3582,21,1419,23,0.0
26,311917,1495,10745,4017,23,1495,17,0.0
27,310331,1586,11789,4468,23,1586,18,0.0
28,308616,1715,12853,4988,25,1715,20,0.0
29,306777,1839,13955,5599,27,1839,22,0.0
30,304898,1879,15192,6201,27,1879,25,0.0
31,302757,2141,16350,6920,29,2141,29,0.0
32,300424,2333,17756,7652,32,2333,37,0.0
33,298104,2320,19252,8483,38,2320,37,0.0
34,295469,2635,20651,9399,43,2635,42,0.0
35,292777,2692,22303,10377,48,2692,56,0.0
36,289773,3004,23929,11440,51,3004,52,0.0
37,286509,3264,25782,12585,57,3264,60,0.0
38,283187,3322,27835,13793,60,3322,75,0.0
39,279701,3486,29755,15188,67,3486,72,0.0
40,275957,3744,31769,16652,75,3744,71,0.0
41,271922,4035,33972,18186,82,4035,68,0.0
42,267731,4191,36293,19892,90,4191,87,0.0
43,263347,4384,38635,21731,100,4384,92,0.0
44,258812,4535,41027,23713,110,4535,98,0.0
45,254218,4594,43404,25852,129,4594,102,0.0
46,249343,4875,45695,28142,142,4875,119,0.0
47,244356,4987,48101,30597,156,4987,116,0.0
48,239251,5105,50466,33198,177,5105,139,0.0
49,233947,5304,52857,35890,199,5304,136,0.0
50,228638,5309,55179,38845,226,5309,151,0.0
51,222987,5651,57347,41971,241,5651,146,0.0
52,217363,5624,59631,45319,260,5624,168,0.0
53,211554,5809,61713,48836,285,5809,162,0.0
54,205770,5784,63831,52507,305,5784,187,0.0
55,199991,5779,65800,56296,331,5779,196,0.0
56,194121,5870,67575,60281,350,5870,206,0.0
57,188286,5835,69217,64477,382,5835,225,0.0
58,182542,5744,70535,68967,409,5744,234,0.0
59,176711,5831,71668,73550,437,5831,233,0.0
60,170970,5741,72830,78180,476,5741,262,0.0
61,165234,5736,73519,83195,513,5736,273,0.0
62,159651,5583,74394,88022,547,5583,230,0.0
63,154060,5591,74879,93076,591,5591,269,0.0
64,148534,5526,75080,98408,649,5526,256,0.0
65,143192,5342,75149,103811,703,5342,266,0.0
66,137909,5283,75039,109220,746,5283,300,0.0
67,132756,5153,74740,114749,799,5153,295,0.0
68,127727,5029,74327,120261,853,5029,252,0.0
69,122906,4821,73635,125933,902,4821,284,0.0
70,118088,4818,72662,131661,968,4818,291,0.0
71,113486,4602,71827,137255,1027,4602,262,0.0
72,109129,4357,70692,142920,1099,4357,248,0.0
73,104792,4337,69300,148613,1155,4337,259,0.0
74,100640,4152,67893,154290,1222,4152,297,0.0
75,96579,4061,66498,159781,1278,4061,283,0.0
76,92720,3859,65036,165251,1331,3859,286,0.0
77,89042,3678,63488,170592,1397,3678,264,0.0
78,85442,3600,61820,175876,1459,3600,283,0.0
79,81980,3462,60147,181078,1530,3462,287,0.0
80,78633,3347,58376,186246,1595,3347,262,0.0
81,75414,3219,56604,191304,1656,3219,237,0.0
82,72400,3014,54903,196166,1714,3014,243,0.0
83,69463,2937,53108,200910,1779,2937,247,0.0
84,66707,2756,51210,205686,1838,2756,228,0.0
85,64027,2680,49363,210222,1905,2680,190,0.0
86,61471,2556,47480,214729,1961,2556,204,0.0
87,58919,2552,45758,218949,2019,2552,203,0.0
88,56534,2385,44103,223100,2075,2385,216,0.0
89,54346,2188,42457,227078,2128,2188,211,0.0
90,52242,2104,40555,231113,2183,2104,175,0.0
91,50263,1979,39029,234695,2231,1979,193,0.0
92,48325,1938,37389,238260,2285,1938,181,0.0
93,46434,1891,35808,241716,2348,1891,153,0.0
94,44655,1779,34308,245058,2397,1779,182,0.0
95,42956,1699,32939,248172,2431,1699,169,0.0
96,41341,1615,31575,251187,2479,1615,150,0.0
97,39858,1483,30136,254186,2534,1483,146,0.0
98,38358,1500,28699,257063,2577,1500,125,0.0
99,36979,1379,27425,259794,2620,1379,124,0.0
100,35676,1303,26182,262384,2652,1303,111,0.0
101,34404,1272,24873,264962,2686,1272,122,0.0
102,33185,1219,23762,267306,2725,1219,123,0.0
103,32093,1092,22720,269528,2764,1092,103,0.0
104,30972,1121,21626,271680,2798,1121,96,0.0
105,29942,1030,20662,273726,2837,1030,97,0.0
106,28924,1018,19650,275741,2864,1018,112,0.0
107,27976,948,18758,277612,2903,948,87,0.0
108,27038,938,17882,279410,2929,938,89,0.0
109,26170,868,17129,281073,2957,868,103,0.0
110,25304,866,16336,282711,2980,866,67,0.0
111,24543,761,15655,284238,3000,761,74,0.0
112,23733,810,14848,285790,3016,810,79,0.0
113,23004,729,14254,287178,3032,729,83,0.0
114,22301,703,13621,288519,3053,703,69,0.0
115,21647,654,12988,289836,3072,654,58,0.0
116,21043,604,12417,291036,3097,604,44,0.0
117,20476,567,11782,292246,3126,567,58,0.0
118,19889,587,11206,293373,3142,587,51,0.0
119,19350,539,10703,294441,3164,539,57,0.0
120,18786,564,10198,295469,3180,564,50,0.0
121,18308,478,9759,296451,3201,478,54,0.0
122,17832,476,9288,297385,3216,476,49,0.0
123,17386,446,8881,298250,3234,446,46,0.0
124,16921,465,8473,299087,3251,465,45,0.0
125,16455,466,8116,299898,3262,466,46,0.0
126,16035,420,7836,300637,3269,420,46,0.0
127,15655,380,7490,301386,3286,380,44,0.0
128,15310,345,7128,302115,3299,345,35,0.0
129,14983,327,6863,302712,3312,327,46,0.0
130,14668,315,6561,303335,3318,315,35,0.0
131,14319,349,6291,303910,3328,349,26,0.0
132,13989,330,6032,304508,3338,330,33,0.0
133,13663,326,5760,305101,3347,326,44,0.0
134,13362,301,5524,305654,3356,301,20,0.0
135,13090,272,5304,306158,3373,272,25,0.0
136,12812,278,5061,306668,3378,278,22,0.0
137,12558,254,4809,307195,3381,254,19,0.0
138,12298,260,4583,307666,3390,260,17,0.0
139,12062,236,4426,308078,3395,236,25,0.0
140,11824,238,4249,308487,3399,238,24,0.0
141,11614,210,4112,308857,3404,210,25,0.0
142,11413,201,3934,309241,3408,201,19,0.0
143,11215,198,3771,309594,3419,198,10,0.0
144,11016,199,3629,309929,3424,199,11,0.0
145,10825,191,3483,310269,3429,191,20,0.0
146,10641,184,3383,310553,3436,184,15,0.0
147,10459,182,3240,310874,3442,182,22,0.0
148,10247,212,3135,311156,3447,212,11,0.0
149,10081,166,3028,311471,3451,166,15,0.0
150,9915,166,2931,311728,3457,166,9,0.0
151,9750,165,2806,312016,3460,165,12,0.0
152,9599,151,2715,312268,3464,151,6,0.0
153,9437,162,2622,312506,3470,162,13,0.0
154,9289,148,2543,312744,3473,148,16,0.0
155,9151,138,2450,312978,3480,138,10,0.0
156,8972,179,2380,313183,3483,179,13,0.0
157,8840,132,2343,313396,3486,132,9,0.0
158,8694,146,2278,313592,3487,146,10,0.0
159,8563,131,2221,313791,3491,131,8,0.0
160,8422,141,2156,313983,3495,141,11,0.0
161,8315,107,2117,314160,3498,107,2,0.0
162,8197,118,2038,314343,3501,118,9,0.0
163,8094,103,1975,314523,3502,103,8,0.0
164,7997,97,1927,314671,3505,97,4,0.0
165,7895,102,1844,314849,3507,102,11,0.0
166,7790,105,1767,315023,3512,105,8,0.0
167,7701,89,1700,315193,3514,89,8,0.0
168,7595,106,1635,315347,3514,106,7,0.0
169,7494,101,1578,315509,3515,101,8,0.0
170,7413,81,1527,315659,3517,81,9,0.0
171,7318,95,1469,315797,3518,95,9,0.0
172,7230,88,1429,315930,3520,88,9,0.0
173,7139,91,1391,316053,3523,91,6,0.0
174,7046,93,1369,316164,3525,93,6,0.0
175,6965,81,1329,316293,3529,81,10,0.0
176,6902,63,1290,316413,3529,63,7,0.0
177,6825,77,1235,316528,3532,77,2,0.0
178,6758,67,1192,316646,3534,67,4,0.0
179,6663,95,1173,316731,3535,95,4,0.0
180,6598,65,1180,316817,3537,65,5,0.0
