#time,susceptible,exposed,infectious,recovered,dead,num infections today,num hospitalisations today,num hospitalisations today (data)
-29,240493,425,0,0,0,0,0,0.0
-28,240493,425,0,0,0,0,0,0.0
-27,240493,425,0,0,0,0,0,0.0
-26,240493,425,0,0,0,0,0,0.0
-25,240493,425,0,0,0,0,0,0.0
-24,240493,425,0,0,0,0,0,0.0
-23,240493,425,0,0,0,0,0,0.0
-22,240493,425,0,0,0,0,0,0.0
-21,240493,425,0,0,0,0,0,0.0
-20,240493,374,51,0,0,0,0,0.0
-19,240492,375,51,0,0,1,0,0.0
-18,240490,359,69,0,0,2,0,0.0
-17,240486,344,88,0,0,4,0,0.0
-16,240483,326,109,0,0,3,0,0.0
-15,240480,309,129,0,0,3,0,0.0
-14,240473,262,181,2,0,7,0,0.0
-13,240465,178,271,4,0,8,0,0.0
-12,240458,109,342,9,0,7,0,0.0
-11,240449,77,381,11,0,9,0,0.0
-10,240434,15,451,18,0,15,1,0.0
-9,240411,23,456,28,0,23,1,0.0
-8,240382,29,465,42,0,29,1,0.0
-7,240350,32,483,53,0,32,1,0.0
-6,240313,37,501,67,0,37,2,0.0
-5,240273,40,517,88,0,40,3,0.0
-4,240215,58,531,114,0,58,3,0.0
-3,240136,79,552,151,0,79,4,0.0
-2,240055,81,591,190,1,81,4,0.0
-1,239968,87,627,235,1,87,3,0.0
0,239868,100,667,282,1,100,3,40.0
1,239774,94,723,326,1,94,3,7.0
2,239648,126,770,373,1,126,1,10.0
3,239502,146,847,422,1,146,0,4.0
4,239381,121,943,471,2,121,2,3.0
5,239230,151,1027,507,3,151,2,5.0
6,239053,177,1139,546,3,177,0,6.0
7,238838,215,1277,585,3,215,2,6.0
8,238651,187,1441,635,4,187,3,9.0
9,238422,229,1578,683,6,229,5,12.0
10,238202,220,1738,752,6,220,9,7.0
11,237913,289,1882,828,6,289,3,11.0
12,237627,286,2100,898,7,286,5,18.0
13,237284,343,2299,984,8,343,3,13.0
14,236870,414,2537,1087,10,414,7,27.0
15,236422,448,2833,1205,10,448,2,23.0
16,236262,160,3149,1335,12,160,5,33.0
17,236088,174,3181,1463,12,174,4,23.0
18,235880,208,3205,1613,12,208,7,35.0
19,235676,204,3264,1761,13,204,8,26.0
20,235461,215,3288,1940,14,215,17,23.0
21,235229,232,3330,2113,14,232,13,15.0
22,234967,262,3336,2338,15,262,8,1.0
23,234874,93,3357,2578,16,93,19,0.0
24,234792,82,3204,2821,19,82,14,0.0
25,234682,110,3022,3084,20,110,9,0.0
26,234591,91,2850,3363,23,91,19,0.0
27,234500,91,2667,3636,24,91,16,0.0
28,234400,100,2484,3909,25,100,11,0.0
29,234295,105,2302,4189,27,105,12,0.0
30,234188,107,2160,4434,29,107,11,0.0
31,234091,97,2049,4650,31,97,11,0.0
32,233986,105,1924,4872,31,105,16,0.0
33,233883,103,1817,5083,32,103,5,0.0
34,233764,119,1717,5284,34,119,5,0.0
35,233665,99,1644,5473,37,99,5,0.0
36,233552,113,1565,5651,37,113,10,0.0
37,233433,119,1517,5810,39,119,6,0.0
38,233314,119,1499,5945,41,119,4,0.0
39,233181,133,1481,6075,48,133,3,0.0
40,233051,130,1483,6203,51,130,5,0.0
41,232932,119,1518,6296,53,119,6,0.0
42,232817,115,1519,6412,55,115,11,0.0
43,232678,139,1525,6521,55,139,5,0.0
44,232543,135,1543,6642,55,135,10,0.0
45,232420,123,1562,6757,56,123,7,0.0
46,232293,127,1585,6857,56,127,6,0.0
47,232164,129,1612,6956,57,129,7,0.0
48,232013,151,1641,7055,58,151,3,0.0
49,231873,140,1686,7161,58,140,9,0.0
50,231746,127,1708,7276,61,127,5,0.0
51,231617,129,1700,7406,66,129,5,0.0
52,231455,162,1705,7528,68,162,7,0.0
53,231297,158,1761,7631,71,158,6,0.0
54,231120,177,1799,7750,72,177,5,0.0
55,230975,145,1843,7881,74,145,6,0.0
56,230811,164,1850,8017,76,164,5,0.0
57,230659,152,1888,8142,77,152,12,0.0
58,230508,151,1910,8272,77,151,7,0.0
59,230359,149,1920,8412,78,149,9,0.0
60,230205,154,1931,8548,80,154,10,0.0
61,230064,141,1948,8684,81,141,7,0.0
62,229913,151,1960,8811,83,151,7,0.0
63,229761,152,1981,8940,84,152,5,0.0
64,229596,165,1985,9086,86,165,7,0.0
65,229445,151,2018,9216,88,151,6,0.0
66,229260,185,2019,9361,93,185,6,0.0
67,229102,158,2080,9485,93,158,4,0.0
68,228926,176,2074,9648,94,176,13,0.0
69,228745,181,2104,9790,98,181,6,0.0
70,228547,198,2140,9931,102,198,7,0.0
71,228362,185,2160,10107,104,185,21,0.0
72,228185,177,2208,10244,104,177,10,0.0
73,227994,191,2228,10399,106,191,7,0.0
74,227823,171,2273,10543,108,171,11,0.0
75,227642,181,2292,10692,111,181,5,0.0
76,227436,206,2300,10864,112,206,14,0.0
77,227240,196,2357,11010,115,196,14,0.0
78,227064,176,2389,11174,115,176,15,0.0
79,226899,165,2401,11335,118,165,4,0.0
80,226682,217,2413,11484,122,217,8,0.0
81,226474,208,2442,11670,124,208,9,0.0
82,226231,243,2468,11851,125,243,6,0.0
83,226026,205,2529,12031,127,205,5,0.0
84,225814,212,2547,12213,132,212,7,0.0
85,225617,197,2604,12365,135,197,20,0.0
86,225418,199,2623,12541,137,199,12,0.0
87,225230,188,2652,12711,137,188,11,0.0
88,225014,216,2658,12890,140,216,11,0.0
89,224809,205,2696,13067,141,205,5,0.0
90,224548,261,2731,13237,141,261,11,0.0
91,224320,228,2799,13429,142,228,12,0.0
92,224086,234,2829,13625,144,234,11,0.0
93,223842,244,2869,13817,146,244,17,0.0
94,222964,878,2911,14015,150,878,13,0.0
95,222105,859,3582,14221,151,859,12,0.0
96,221226,879,4225,14431,157,879,10,0.0
97,220336,890,4902,14632,158,890,15,0.0
98,219462,874,5592,14830,160,874,16,0.0
99,218517,945,6246,15049,161,945,11,0.0
100,217575,942,6981,15258,162,942,15,0.0
101,216688,887,7670,15510,163,887,17,0.0
102,215723,965,8273,15790,167,965,13,0.0
103,214718,1005,8990,16036,169,1005,19,0.0
104,213726,992,9676,16354,170,992,23,0.0
105,212707,1019,10278,16740,174,1019,18,0.0
106,211620,1087,10907,17128,176,1087,27,0.0
107,210591,1029,11492,17626,180,1029,40,0.0
108,209520,1071,11901,18244,182,1071,31,0.0
109,208390,1130,12303,18910,185,1130,45,0.0
110,207222,1168,12746,19590,192,1168,41,0.0
111,206102,1120,13136,20368,192,1120,39,0.0
112,204903,1199,13415,21205,196,1199,48,0.0
113,203669,1234,13743,22068,204,1234,46,0.0
114,202382,1287,14027,23012,210,1287,51,0.0
115,201136,1246,14378,23941,217,1246,54,0.0
116,199847,1289,14677,24881,224,1289,55,0.0
117,198545,1302,15011,25830,230,1302,64,0.0
118,197197,1348,15316,26814,243,1348,58,0.0
119,195884,1313,15676,27790,255,1313,61,0.0
120,194535,1349,15970,28794,270,1349,59,0.0
121,193210,1325,16235,29864,284,1325,61,0.0
122,191863,1347,16473,30941,294,1347,53,0.0
123,190408,1455,16713,32040,302,1455,79,0.0
124,189005,1403,17034,33164,312,1403,65,0.0
125,187642,1363,17245,34344,324,1363,55,0.0
126,186161,1481,17422,35517,337,1481,64,0.0
127,184700,1461,17738,36674,345,1461,65,0.0
128,183245,1455,17960,37899,359,1455,76,0.0
129,181803,1442,18175,39127,371,1442,73,0.0
130,180282,1521,18319,40412,384,1521,78,0.0
131,178783,1499,18578,41659,399,1499,82,0.0
132,177259,1524,18782,42940,413,1524,79,0.0
133,175779,1480,19015,44213,431,1480,87,0.0
134,174216,1563,19137,45555,447,1563,82,0.0
135,172679,1537,19310,46930,462,1537,76,0.0
136,171081,1598,19503,48253,483,1598,68,0.0
137,169572,1509,19692,49652,493,1509,82,0.0
138,168047,1525,19816,51027,503,1525,73,0.0
139,166452,1595,19992,52357,522,1595,83,0.0
140,164944,1508,20074,53846,546,1508,79,0.0
141,163400,1544,20180,55222,572,1544,81,0.0
142,161911,1489,20330,56600,588,1489,87,0.0
143,160371,1540,20351,58050,606,1540,93,0.0
144,158812,1559,20372,59554,621,1559,80,0.0
145,157251,1561,20355,61105,646,1561,74,0.0
146,155721,1530,20480,62521,666,1530,71,0.0
147,154121,1600,20549,63960,688,1600,69,0.0
148,152639,1482,20613,65474,710,1482,90,0.0
149,151004,1635,20548,67004,727,1635,99,0.0
150,149490,1514,20694,68472,748,1514,84,0.0
151,147990,1500,20619,70050,759,1500,97,0.0
152,146435,1555,20539,71610,779,1555,84,0.0
153,144884,1551,20542,73145,796,1551,77,0.0
154,143324,1560,20605,74606,823,1560,76,0.0
155,141754,1570,20597,76160,837,1570,83,0.0
156,140242,1512,20590,77723,851,1512,97,0.0
157,138773,1469,20531,79274,871,1469,92,0.0
158,137287,1486,20473,80784,888,1486,97,0.0
159,135766,1521,20445,82274,912,1521,91,0.0
160,134347,1419,20409,83813,930,1419,94,0.0
161,132894,1453,20273,85347,951,1453,78,0.0
162,131429,1465,20173,86881,970,1465,92,0.0
163,129997,1432,20139,88363,987,1432,83,0.0
164,128602,1395,20021,89892,1008,1395,100,0.0
165,127159,1443,19887,91403,1026,1443,91,0.0
166,125783,1376,19771,92942,1046,1376,68,0.0
167,124366,1417,19564,94506,1065,1417,87,0.0
168,123032,1334,19464,96007,1081,1334,78,0.0
169,121666,1366,19329,97467,1090,1366,82,0.0
170,120314,1352,19164,98978,1110,1352,77,0.0
171,118973,1341,19049,100420,1135,1341,84,0.0
172,117673,1300,18871,101917,1157,1300,79,0.0
173,116369,1304,18684,103385,1176,1304,86,0.0
174,115057,1312,18490,104855,1204,1312,70,0.0
175,113739,1318,18338,106307,1216,1318,62,0.0
176,112425,1314,18276,107670,1233,1314,79,0.0
177,111200,1225,18219,109023,1251,1225,75,0.0
178,109936,1264,18041,110409,1268,1264,59,0.0
179,108665,1271,17877,111821,1284,1271,71,0.0
180,107433,1232,17743,113206,1304,1232,81,0.0
