#time,susceptible,exposed,infectious,recovered,dead,num infections today,num hospitalisations today,num hospitalisations today (data)
-29,327480,425,0,0,0,0,0,0.0
-28,327480,425,0,0,0,0,0,0.0
-27,327480,425,0,0,0,0,0,0.0
-26,327480,425,0,0,0,0,0,0.0
-25,327480,425,0,0,0,0,0,0.0
-24,327480,425,0,0,0,0,0,0.0
-23,327480,425,0,0,0,0,0,0.0
-22,327480,425,0,0,0,0,0,0.0
-21,327480,425,0,0,0,0,0,0.0
-20,327480,374,51,0,0,0,0,0.0
-19,327480,374,51,0,0,0,0,0.0
-18,327479,358,68,0,0,1,0,0.0
-17,327478,341,85,1,0,1,0,0.0
-16,327475,326,103,1,0,3,0,0.0
-15,327470,311,122,2,0,5,0,0.0
-14,327467,258,178,2,0,3,1,0.0
-13,327456,181,262,6,0,11,1,0.0
-12,327448,110,335,12,0,8,0,0.0
-11,327431,85,371,18,0,17,0,0.0
-10,327413,18,450,24,0,18,2,0.0
-9,327397,16,460,32,0,16,1,0.0
-8,327370,27,469,39,0,27,1,0.0
-7,327325,45,485,50,0,45,0,0.0
-6,327289,36,512,68,0,36,1,0.0
-5,327236,53,523,93,0,53,5,0.0
-4,327180,56,549,120,0,56,3,0.0
-3,327124,56,562,163,0,56,1,0.0
-2,327052,72,586,195,0,72,6,0.0
-1,326960,92,625,228,0,92,1,0.0
0,326860,100,675,270,0,100,4,40.0
1,326749,111,731,314,0,111,4,7.0
2,326603,146,794,362,0,146,2,10.0
3,326438,165,896,405,1,165,3,4.0
4,326278,160,1018,448,1,160,2,3.0
5,326068,210,1135,491,1,210,2,5.0
6,325809,259,1302,533,2,259,1,6.0
7,325533,276,1514,579,3,276,4,6.0
8,325228,305,1744,625,3,305,2,9.0
9,324911,317,1996,678,3,317,1,12.0
10,324561,350,2246,745,3,350,3,7.0
11,324196,365,2515,826,3,365,3,11.0
12,323823,373,2799,907,3,373,11,18.0
13,323404,419,3055,1023,4,419,5,13.0
14,322973,431,3368,1129,4,431,7,27.0
15,322542,431,3651,1276,5,431,5,23.0
16,322302,240,3932,1426,5,240,6,33.0
17,322048,254,4020,1578,5,254,13,23.0
18,321773,275,4074,1776,7,275,19,35.0
19,321492,281,4100,2023,9,281,16,26.0
20,321165,327,4154,2248,11,327,11,23.0
21,320839,326,4216,2512,12,326,11,15.0
22,320478,361,4249,2804,13,361,12,1.0
23,320393,85,4296,3116,15,85,11,0.0
24,320305,88,4044,3451,17,88,12,0.0
25,320223,82,3837,3741,22,82,11,0.0
26,320138,85,3603,4057,22,85,11,0.0
27,320048,90,3359,4384,24,90,7,0.0
28,319950,98,3087,4740,30,98,7,0.0
29,319835,115,2863,5060,32,115,11,0.0
30,319732,103,2660,5377,33,103,10,0.0
31,319617,115,2450,5685,38,115,8,0.0
32,319488,129,2261,5986,41,129,10,0.0
33,319395,93,2091,6281,45,93,7,0.0
34,319277,118,1925,6536,49,118,5,0.0
35,319158,119,1800,6778,50,119,8,0.0
36,319039,119,1720,6977,50,119,9,0.0
37,318916,123,1635,7180,51,123,3,0.0
38,318808,108,1600,7335,54,108,7,0.0
39,318666,142,1570,7470,57,142,6,0.0
40,318533,133,1576,7602,61,133,3,0.0
41,318415,118,1568,7742,62,118,7,0.0
42,318280,135,1569,7857,64,135,5,0.0
43,318141,139,1590,7970,65,139,4,0.0
44,318006,135,1614,8083,67,135,4,0.0
45,317886,120,1622,8210,67,120,5,0.0
46,317754,132,1613,8339,67,132,7,0.0
47,317604,150,1622,8460,69,150,5,0.0
48,317488,116,1655,8576,70,116,10,0.0
49,317332,156,1661,8684,72,156,6,0.0
50,317198,134,1702,8798,73,134,6,0.0
51,317050,148,1713,8920,74,148,8,0.0
52,316893,157,1748,9032,75,157,6,0.0
53,316723,170,1790,9147,75,170,4,0.0
54,316550,173,1837,9268,77,173,5,0.0
55,316382,168,1904,9372,79,168,4,0.0
56,316225,157,1942,9502,79,157,11,0.0
57,316077,148,1956,9645,79,148,5,0.0
58,315912,165,1975,9774,79,165,7,0.0
59,315741,171,2010,9902,81,171,9,0.0
60,315565,176,2029,10052,83,176,8,0.0
61,315401,164,2077,10180,83,164,3,0.0
62,315208,193,2098,10322,84,193,13,0.0
63,315039,169,2152,10460,85,169,11,0.0
64,314858,181,2167,10613,86,181,12,0.0
65,314672,186,2191,10769,87,186,10,0.0
66,314508,164,2238,10908,87,164,12,0.0
67,314323,185,2237,11069,91,185,10,0.0
68,314125,198,2282,11209,91,198,12,0.0
69,313955,170,2308,11379,93,170,9,0.0
70,313744,211,2319,11536,95,211,11,0.0
71,313521,223,2369,11696,96,223,5,0.0
72,313326,195,2414,11870,100,195,7,0.0
73,313127,199,2429,12047,103,199,6,0.0
74,312920,207,2479,12194,105,207,6,0.0
75,312740,180,2506,12373,106,180,13,0.0
76,312528,212,2518,12539,108,212,16,0.0
77,312327,201,2554,12712,111,201,9,0.0
78,312111,216,2604,12861,113,216,11,0.0
79,311926,185,2630,13048,116,185,7,0.0
80,311700,226,2631,13230,118,226,14,0.0
81,311458,242,2673,13412,120,242,7,0.0
82,311242,216,2705,13618,124,216,15,0.0
83,311009,233,2741,13796,126,233,12,0.0
84,310776,233,2775,13991,130,233,14,0.0
85,310526,250,2803,14195,131,250,10,0.0
86,310280,246,2851,14397,131,246,9,0.0
87,310021,259,2917,14575,133,259,13,0.0
88,309766,255,2994,14756,134,255,11,0.0
89,309493,273,3021,14979,139,273,9,0.0
90,309248,245,3103,15169,140,245,10,0.0
91,308981,267,3148,15366,143,267,4,0.0
92,308698,283,3198,15579,147,283,11,0.0
93,308450,248,3277,15780,150,248,13,0.0
94,307047,1403,3298,16003,154,1403,10,0.0
95,305639,1408,4460,16243,155,1408,11,0.0
96,304173,1466,5639,16470,157,1466,8,0.0
97,302610,1563,6857,16715,160,1563,15,0.0
98,301000,1610,8191,16943,161,1610,12,0.0
99,299438,1562,9535,17208,162,1562,19,0.0
100,297773,1665,10823,17481,163,1665,18,0.0
101,296028,1745,12207,17761,164,1745,11,0.0
102,294252,1776,13641,18070,166,1776,30,0.0
103,292370,1882,15076,18410,167,1882,25,0.0
104,290412,1958,16543,18822,170,1958,32,0.0
105,288233,2179,17914,19406,173,2179,44,0.0
106,286005,2228,19437,20058,177,2228,58,0.0
107,283653,2352,20899,20820,181,2352,64,0.0
108,281103,2550,22332,21736,184,2550,75,0.0
109,278555,2548,23774,22834,194,2548,80,0.0
110,275798,2757,25145,24006,199,2757,85,0.0
111,272908,2890,26508,25390,209,2890,82,0.0
112,269948,2960,28010,26767,220,2960,84,0.0
113,266836,3112,29437,28287,233,3112,88,0.0
114,263572,3264,30910,29914,245,3264,91,0.0
115,260155,3417,32434,31636,263,3417,82,0.0
116,256567,3588,33973,33499,278,3588,96,0.0
117,252907,3660,35677,35364,297,3660,104,0.0
118,249292,3615,37235,37432,331,3615,101,0.0
119,245471,3821,38737,39519,357,3821,119,0.0
120,241597,3874,40355,41707,372,3874,152,0.0
121,237615,3982,41895,44017,396,3982,157,0.0
122,233552,4063,43381,46493,416,4063,159,0.0
123,229486,4066,44858,49055,440,4066,130,0.0
124,225326,4160,46209,51747,463,4160,161,0.0
125,221087,4239,47491,54599,489,4239,158,0.0
126,216847,4240,48665,57644,509,4240,199,0.0
127,212503,4344,49859,60660,539,4344,144,0.0
128,208242,4261,51016,63819,567,4261,170,0.0
129,203741,4501,52094,66964,605,4501,172,0.0
130,199337,4404,53179,70342,643,4404,201,0.0
131,194902,4435,54029,73856,683,4435,209,0.0
132,190423,4479,54901,77394,708,4479,210,0.0
133,186026,4397,55656,81083,743,4397,213,0.0
134,181563,4463,56302,84801,776,4463,169,0.0
135,177042,4521,56790,88744,808,4521,207,0.0
136,172571,4471,57213,92796,854,4471,226,0.0
137,168231,4340,57592,96849,893,4340,207,0.0
138,164011,4220,57791,100957,926,4220,228,0.0
139,159877,4134,57833,105087,974,4134,224,0.0
140,155751,4126,57775,109239,1014,4126,204,0.0
141,151622,4129,57666,113431,1057,4129,205,0.0
142,147484,4138,57597,117582,1104,4138,219,0.0
143,143373,4111,57367,121892,1162,4111,264,0.0
144,139354,4019,57138,126195,1199,4019,206,0.0
145,135356,3998,56829,130485,1237,3998,222,0.0
146,131450,3906,56451,134818,1280,3906,207,0.0
147,127634,3816,55934,139206,1315,3816,218,0.0
148,123899,3735,55434,143476,1361,3735,231,0.0
149,120239,3660,54880,147721,1405,3660,227,0.0
150,116604,3635,54243,151985,1438,3635,199,0.0
151,113138,3466,53574,156236,1491,3466,228,0.0
152,109735,3403,52657,160569,1541,3403,221,0.0
153,106399,3336,51749,164833,1588,3336,226,0.0
154,103049,3350,50832,169034,1640,3350,207,0.0
155,99930,3119,50017,173144,1695,3119,198,0.0
156,96892,3038,49066,177168,1741,3038,194,0.0
157,93870,3022,47968,181253,1792,3022,200,0.0
158,91015,2855,47067,185130,1838,2855,186,0.0
159,88300,2715,46053,188950,1887,2715,181,0.0
160,85532,2768,44948,192725,1932,2768,200,0.0
161,82869,2663,43901,196480,1992,2663,184,0.0
162,80396,2473,42804,200196,2036,2473,180,0.0
163,77962,2434,41593,203828,2088,2434,178,0.0
164,75634,2328,40438,207372,2133,2328,208,0.0
165,73336,2298,39291,210809,2171,2298,144,0.0
166,71121,2215,38073,214282,2214,2215,176,0.0
167,69016,2105,36856,217675,2253,2105,163,0.0
168,66924,2092,35730,220875,2284,2092,135,0.0
169,64979,1945,34640,224006,2335,1945,176,0.0
170,62987,1992,33513,227042,2371,1992,134,0.0
171,61064,1923,32577,229931,2410,1923,164,0.0
172,59231,1833,31562,232824,2455,1833,121,0.0
173,57528,1703,30561,235610,2503,1703,150,0.0
174,55843,1685,29486,238351,2540,1685,129,0.0
175,54255,1588,28505,240983,2574,1588,128,0.0
176,52723,1532,27606,243424,2620,1532,129,0.0
177,51239,1484,26645,245885,2652,1484,112,0.0
178,49807,1432,25721,248263,2682,1432,118,0.0
179,48469,1338,24810,250586,2702,1338,102,0.0
180,47148,1321,23840,252853,2743,1321,83,0.0
