#time,susceptible,exposed,infectious,recovered,dead,num infections today,num hospitalisations today,num hospitalisations today (data)
-29,328400,425,0,0,0,0,0,0.0
-28,328400,425,0,0,0,0,0,0.0
-27,328400,425,0,0,0,0,0,0.0
-26,328400,425,0,0,0,0,0,0.0
-25,328400,425,0,0,0,0,0,0.0
-24,328400,425,0,0,0,0,0,0.0
-23,328400,425,0,0,0,0,0,0.0
-22,328400,425,0,0,0,0,0,0.0
-21,328400,425,0,0,0,0,0,0.0
-20,328400,374,51,0,0,0,0,0.0
-19,328399,375,51,0,0,1,0,0.0
-18,328398,358,69,0,0,1,0,0.0
-17,328396,342,87,0,0,2,0,0.0
-16,328395,324,106,0,0,1,0,0.0
-15,328394,307,124,0,0,1,0,0.0
-14,328389,260,175,1,0,5,0,0.0
-13,328379,180,262,4,0,10,0,0.0
-12,328372,109,338,6,0,7,0,0.0
-11,328358,82,373,12,0,14,0,0.0
-10,328332,26,449,18,0,26,2,0.0
-9,328308,24,467,26,0,24,2,0.0
-8,328276,32,479,38,0,32,4,0.0
-7,328238,38,499,50,0,38,0,0.0
-6,328187,51,518,69,0,51,3,0.0
-5,328134,53,545,93,0,53,3,0.0
-4,328065,69,575,116,0,69,3,0.0
-3,327985,80,617,143,0,80,0,0.0
-2,327903,82,654,185,1,82,3,0.0
-1,327786,117,686,235,1,117,2,0.0
0,327668,118,752,286,1,118,1,40.0
1,327527,141,823,333,1,141,3,7.0
2,327339,188,920,377,1,188,2,10.0
3,327138,201,1067,418,1,201,1,4.0
4,326927,211,1228,458,1,211,2,3.0
5,326666,261,1396,501,1,261,3,5.0
6,326378,288,1607,551,1,288,3,6.0
7,326052,326,1837,609,1,326,4,6.0
8,325740,312,2109,663,1,312,2,9.0
9,325422,318,2368,716,1,318,2,12.0
10,325049,373,2612,790,1,373,4,7.0
11,324605,444,2877,898,1,444,1,11.0
12,324199,406,3196,1020,4,406,5,18.0
13,323710,489,3489,1131,6,489,5,13.0
14,323214,496,3850,1259,6,496,5,27.0
15,322619,595,4196,1407,8,595,11,23.0
16,322327,292,4592,1605,9,292,10,33.0
17,322022,305,4677,1811,10,305,12,23.0
18,321686,336,4765,2028,10,336,15,35.0
19,321368,318,4862,2266,11,318,14,26.0
20,320991,377,4897,2548,12,377,13,23.0
21,320588,403,4995,2824,15,403,10,15.0
22,320169,419,5070,3152,15,419,15,1.0
23,320065,104,5114,3525,17,104,18,0.0
24,319965,100,4851,3889,20,100,15,0.0
25,319851,114,4572,4265,23,114,14,0.0
26,319738,113,4286,4660,28,113,9,0.0
27,319606,132,4031,5025,31,132,12,0.0
28,319465,141,3758,5426,35,141,14,0.0
29,319321,144,3488,5835,37,144,17,0.0
30,319187,134,3224,6236,44,134,13,0.0
31,319041,146,2987,6603,48,146,10,0.0
32,318914,127,2776,6957,51,127,6,0.0
33,318771,143,2547,7312,52,143,10,0.0
34,318630,141,2379,7622,53,141,8,0.0
35,318487,143,2232,7909,54,143,10,0.0
36,318312,175,2130,8153,55,175,12,0.0
37,318153,159,2071,8382,60,159,6,0.0
38,318017,136,2025,8585,62,136,8,0.0
39,317840,177,1976,8769,63,177,7,0.0
40,317660,180,1995,8925,65,180,7,0.0
41,317493,167,2045,9050,70,167,6,0.0
42,317342,151,2054,9207,71,151,12,0.0
43,317182,160,2065,9345,73,160,11,0.0
44,317010,172,2076,9492,75,172,7,0.0
45,316830,180,2083,9655,77,180,15,0.0
46,316649,181,2120,9795,80,181,6,0.0
47,316475,174,2155,9941,80,174,5,0.0
48,316312,163,2183,10086,81,163,4,0.0
49,316109,203,2186,10242,85,203,7,0.0
50,315908,201,2249,10381,86,201,4,0.0
51,315717,191,2291,10538,88,191,9,0.0
52,315515,202,2335,10683,90,202,8,0.0
53,315272,243,2375,10843,92,243,7,0.0
54,315047,225,2459,11000,94,225,6,0.0
55,314854,193,2522,11160,96,193,14,0.0
56,314630,224,2548,11326,97,224,6,0.0
57,314419,211,2615,11481,99,211,6,0.0
58,314206,213,2636,11669,101,213,12,0.0
59,313984,222,2672,11846,101,222,13,0.0
60,313753,231,2729,12011,101,231,8,0.0
61,313535,218,2765,12204,103,218,11,0.0
62,313287,248,2787,12398,105,248,9,0.0
63,313045,242,2841,12589,108,242,7,0.0
64,312805,240,2893,12776,111,240,8,0.0
65,312564,241,2932,12971,117,241,8,0.0
66,312322,242,2983,13160,118,242,9,0.0
67,312095,227,2977,13406,120,227,13,0.0
68,311829,266,2989,13618,123,266,11,0.0
69,311587,242,3044,13828,124,242,11,0.0
70,311304,283,3068,14043,127,283,14,0.0
71,311057,247,3129,14261,131,247,8,0.0
72,310784,273,3175,14460,133,273,8,0.0
73,310503,281,3201,14705,135,281,15,0.0
74,310207,296,3239,14946,137,296,10,0.0
75,309930,277,3327,15152,139,277,13,0.0
76,309612,318,3395,15358,142,318,14,0.0
77,309300,312,3466,15601,146,312,15,0.0
78,308608,692,3559,15819,147,692,13,0.0
79,307986,622,4004,16064,149,622,17,0.0
80,307374,612,4389,16296,154,612,6,0.0
81,306758,616,4750,16542,159,616,17,0.0
82,306117,641,5143,16763,161,641,13,0.0
83,305506,611,5510,17035,163,611,14,0.0
84,304933,573,5833,17319,167,573,16,0.0
85,304361,572,6103,17618,171,572,10,0.0
86,303813,548,6391,17898,175,548,18,0.0
87,303241,572,6623,18208,181,572,19,0.0
88,302604,637,6862,18537,185,637,10,0.0
89,302052,552,7113,18921,187,552,12,0.0
90,301436,616,7263,19322,188,616,21,0.0
91,300803,633,7434,19766,189,633,19,0.0
92,300172,631,7578,20251,193,631,14,0.0
93,299512,660,7669,20790,194,660,17,0.0
94,298855,657,7744,21372,197,657,16,0.0
95,298220,635,7878,21894,198,635,22,0.0
96,297539,681,7943,22461,201,681,11,0.0
97,296867,672,8069,23013,204,672,11,0.0
98,296127,740,8171,23581,206,740,10,0.0
99,295465,662,8322,24166,210,662,19,0.0
100,294794,671,8415,24729,216,671,21,0.0
101,294066,728,8492,25322,217,728,23,0.0
102,293420,646,8624,25916,219,646,23,0.0
103,292721,699,8653,26527,225,699,18,0.0
104,291976,745,8694,27181,229,745,21,0.0
105,291268,708,8816,27803,230,708,19,0.0
106,290545,723,8859,28463,235,723,17,0.0
107,289744,801,8983,29062,235,801,23,0.0
108,289071,673,9130,29713,238,673,12,0.0
109,288290,781,9183,30328,243,781,9,0.0
110,287543,747,9272,31014,249,747,34,0.0
111,286857,686,9360,31669,253,686,19,0.0
112,286105,752,9351,32361,256,752,21,0.0
113,285392,713,9431,33027,262,713,32,0.0
114,284619,773,9443,33725,265,773,18,0.0
115,283878,741,9504,34435,267,741,27,0.0
116,283127,751,9574,35097,276,751,32,0.0
117,282320,807,9642,35772,284,807,18,0.0
118,281521,799,9750,36466,289,799,22,0.0
119,280746,775,9775,37228,301,775,18,0.0
120,279988,758,9840,37931,308,758,23,0.0
121,279212,776,9864,38658,315,776,19,0.0
122,278450,762,9954,39339,320,762,32,0.0
123,277671,779,10035,40015,325,779,31,0.0
124,276889,782,10076,40747,331,782,20,0.0
125,276083,806,10086,41512,338,806,23,0.0
126,275261,822,10157,42243,342,822,25,0.0
127,274463,798,10238,42977,349,798,29,0.0
128,273668,795,10291,43714,357,795,27,0.0
129,272883,785,10358,44437,362,785,33,0.0
130,272092,791,10361,45212,369,791,30,0.0
131,271301,791,10371,45988,374,791,24,0.0
132,270505,796,10422,46719,383,796,32,0.0
133,269677,828,10428,47502,390,828,37,0.0
134,268891,786,10494,48262,392,786,31,0.0
135,268132,759,10517,49019,398,759,28,0.0
136,267335,797,10469,49820,404,797,27,0.0
137,266509,826,10423,50653,414,826,34,0.0
138,265670,839,10488,51410,418,839,32,0.0
139,264849,821,10531,52197,427,821,30,0.0
140,264005,844,10577,52966,433,844,26,0.0
141,263158,847,10639,53736,445,847,28,0.0
142,262381,777,10675,54541,451,777,26,0.0
143,261516,865,10644,55343,457,865,46,0.0
144,260609,907,10725,56122,462,907,32,0.0
145,259778,831,10815,56932,469,831,27,0.0
146,258849,929,10817,57754,476,929,33,0.0
147,258003,846,10973,58520,483,846,40,0.0
148,257122,881,11065,59267,490,881,27,0.0
149,256248,874,11131,60074,498,874,39,0.0
150,255317,931,11185,60890,502,931,48,0.0
151,254412,905,11323,61675,510,905,40,0.0
152,253486,926,11355,62534,524,926,35,0.0
153,252592,894,11495,63314,530,894,40,0.0
154,251675,917,11529,64160,544,917,31,0.0
155,250749,926,11639,64964,547,926,36,0.0
156,249791,958,11691,65826,559,958,54,0.0
157,248886,905,11830,66635,569,905,34,0.0
158,247921,965,11915,67449,575,965,56,0.0
159,247004,917,12061,68261,582,917,51,0.0
160,246062,942,12125,69104,592,942,43,0.0
161,245152,910,12202,69960,601,910,50,0.0
162,244234,918,12183,70877,613,918,39,0.0
163,243307,927,12222,71753,616,927,32,0.0
164,242350,957,12226,72667,625,957,34,0.0
165,241436,914,12262,73576,637,914,44,0.0
166,240504,932,12287,74456,646,932,36,0.0
167,239581,923,12313,75352,656,923,41,0.0
168,238620,961,12327,76247,670,961,31,0.0
169,237667,953,12332,77194,679,953,25,0.0
170,236717,950,12378,78096,684,950,32,0.0
171,235760,957,12376,79040,692,957,35,0.0
172,234781,979,12448,79920,697,979,44,0.0
173,233744,1037,12453,80885,706,1037,28,0.0
174,232787,957,12581,81791,709,957,37,0.0
175,231815,972,12600,82725,713,972,37,0.0
176,230818,997,12658,83630,722,997,50,0.0
177,229821,997,12753,84520,734,997,41,0.0
178,228874,947,12825,85436,743,947,51,0.0
179,227937,937,12883,86315,753,937,59,0.0
180,226967,970,12880,87248,760,970,46,0.0
