#time,susceptible,exposed,infectious,recovered,dead,num infections today,num hospitalisations today,num hospitalisations today (data)
-29,292337,427,0,0,0,0,0,0.0
-28,292337,427,0,0,0,0,0,0.0
-27,292337,427,0,0,0,0,0,0.0
-26,292337,427,0,0,0,0,0,0.0
-25,292337,427,0,0,0,0,0,0.0
-24,292337,427,0,0,0,0,0,0.0
-23,292337,427,0,0,0,0,0,0.0
-22,292337,427,0,0,0,0,0,0.0
-21,292337,427,0,0,0,0,0,0.0
-20,292337,375,52,0,0,0,0,0.0
-19,292332,380,52,0,0,5,0,0.0
-18,292315,375,74,0,0,17,0,0.0
-17,292286,370,108,0,0,29,0,0.0
-16,292255,355,154,0,0,31,0,0.0
-15,292184,378,202,0,0,71,0,0.0
-14,292056,384,323,1,0,128,0,0.0
-13,291852,375,535,2,0,204,0,0.0
-12,291487,468,803,6,0,365,0,0.0
-11,290886,670,1195,13,0,601,0,0.0
-10,289883,1003,1858,20,0,1003,4,0.0
-9,288237,1646,2851,30,0,1646,0,0.0
-8,285542,2695,4482,45,0,2695,2,0.0
-7,281164,4378,7149,73,0,4378,5,0.0
-6,275861,5303,11479,121,0,5303,3,0.0
-5,271650,4211,16730,173,0,4211,9,0.0
-4,267938,3712,20866,248,0,3712,16,0.0
-3,264947,2991,24450,376,0,2991,12,0.0
-2,262316,2631,27217,600,0,2631,23,0.0
-1,259806,2510,29534,913,1,2510,34,0.0
0,257417,2389,31517,1439,2,2389,43,40.0
1,255019,2398,33210,2134,3,2398,70,7.0
2,252410,2609,34630,3111,4,2609,81,10.0
3,249524,2886,35927,4418,9,2886,112,4.0
4,246197,3327,37056,6171,13,3327,128,3.0
5,242344,3853,38329,8217,21,3853,153,5.0
6,238061,4283,39725,10665,30,4283,145,6.0
7,233188,4873,41259,13402,42,4873,176,6.0
8,227787,5401,43217,16307,52,5401,157,9.0
9,221856,5931,45531,19371,75,5931,169,12.0
10,215327,6529,48423,22382,103,6529,140,7.0
11,208332,6995,51817,25487,133,6995,143,11.0
12,200887,7445,55876,28400,156,7445,151,18.0
13,193104,7783,60345,31337,195,7783,156,13.0
14,184848,8256,65144,34291,225,8256,152,27.0
15,176707,8141,70212,37444,260,8141,151,23.0
16,173934,2773,75133,40631,293,2773,199,33.0
17,171016,2918,74374,44130,326,2918,173,23.0
18,167925,3091,73639,47752,357,3091,246,35.0
19,164589,3336,72574,51869,396,3336,272,26.0
20,161308,3281,71444,56295,436,3281,283,23.0
21,157862,3446,69802,61186,468,3446,284,15.0
22,154468,3394,67981,66416,505,3394,275,1.0
23,152607,1861,65734,72019,543,1861,309,0.0
24,150661,1946,61777,77794,586,1946,361,0.0
25,148723,1938,57615,83866,622,1938,306,0.0
26,146679,2044,53455,89910,676,2044,311,0.0
27,144686,1993,49602,95756,727,1993,297,0.0
28,142588,2098,45984,101314,780,2098,245,0.0
29,140550,2038,42817,106509,850,2038,235,0.0
30,138519,2031,39823,111471,920,2031,197,0.0
31,136488,2031,37255,116009,981,2031,186,0.0
32,134415,2073,35041,120201,1034,2073,178,0.0
33,132360,2055,33207,124044,1098,2055,164,0.0
34,130300,2060,31726,127504,1174,2060,149,0.0
35,128369,1931,30565,130675,1224,1931,135,0.0
36,126399,1970,29444,133687,1264,1970,113,0.0
37,124448,1951,28705,136353,1307,1951,116,0.0
38,122524,1924,28096,138873,1347,1924,103,0.0
39,120599,1925,27557,141296,1387,1925,110,0.0
40,118728,1871,27173,143554,1438,1871,104,0.0
41,116900,1828,26822,145741,1473,1828,112,0.0
42,115143,1757,26481,147888,1495,1757,119,0.0
43,113378,1765,26094,149991,1536,1765,111,0.0
44,111568,1810,25781,152043,1562,1810,107,0.0
45,109782,1786,25532,154084,1580,1786,87,0.0
46,108024,1758,25311,156061,1610,1758,112,0.0
47,106244,1780,25121,157986,1633,1780,94,0.0
48,104590,1654,24885,159981,1654,1654,94,0.0
49,102958,1632,24506,161985,1683,1632,95,0.0
50,101429,1529,24200,163890,1716,1529,105,0.0
51,99867,1562,23829,165756,1750,1562,106,0.0
52,98257,1610,23414,167713,1770,1610,89,0.0
53,96711,1546,23204,169506,1797,1546,74,0.0
54,95184,1527,22888,171339,1826,1527,92,0.0
55,93659,1525,22508,173220,1852,1525,97,0.0
56,92233,1426,22214,175018,1873,1426,88,0.0
57,90817,1416,21816,176818,1897,1416,89,0.0
58,89351,1466,21498,178529,1920,1466,97,0.0
59,87933,1418,21110,180360,1943,1418,88,0.0
60,86513,1420,20784,182078,1969,1420,82,0.0
61,85131,1382,20459,183807,1985,1382,86,0.0
62,83829,1302,20160,185469,2004,1302,86,0.0
63,82544,1285,19828,187075,2032,1285,90,0.0
64,81212,1332,19483,188682,2055,1332,76,0.0
65,79912,1300,19201,190276,2075,1300,85,0.0
66,78637,1275,18927,191831,2094,1275,70,0.0
67,77455,1182,18681,193339,2107,1182,72,0.0
68,76268,1187,18400,194781,2128,1187,70,0.0
69,75055,1213,18074,196272,2150,1213,93,0.0
70,73847,1208,17822,197710,2177,1208,69,0.0
71,72731,1116,17619,199108,2190,1116,78,0.0
72,71589,1142,17337,200492,2204,1142,69,0.0
73,70560,1029,17016,201928,2231,1029,75,0.0
74,69492,1068,16632,203322,2250,1068,62,0.0
75,68485,1007,16318,204687,2267,1007,73,0.0
76,67408,1077,15979,206015,2285,1077,61,0.0
77,66374,1034,15701,207350,2305,1034,73,0.0
78,65337,1037,15390,208677,2323,1037,65,0.0
79,64364,973,15136,209953,2338,973,62,0.0
80,63349,1015,14857,211184,2359,1015,57,0.0
81,62399,950,14603,212438,2374,950,68,0.0
82,61394,1005,14336,213643,2386,1005,60,0.0
83,60512,882,14200,214770,2400,882,63,0.0
84,59587,925,13919,215922,2411,925,38,0.0
85,58687,900,13683,217070,2424,900,48,0.0
86,57786,901,13434,218201,2442,901,57,0.0
87,56913,873,13184,219338,2456,873,57,0.0
88,56078,835,12991,220394,2466,835,49,0.0
89,55268,810,12781,221423,2482,810,48,0.0
90,54440,828,12585,222416,2495,828,47,0.0
91,53656,784,12368,223442,2514,784,51,0.0
92,52853,803,12116,224462,2530,803,49,0.0
93,52075,778,11929,225439,2543,778,41,0.0
94,48486,3589,11697,226436,2556,3589,46,0.0
95,45317,3169,14337,227376,2565,3169,43,0.0
96,42445,2872,16535,228336,2576,2872,48,0.0
97,39875,2570,18473,229257,2589,2570,44,0.0
98,37517,2358,20116,230174,2599,2358,48,0.0
99,35345,2172,21563,231074,2610,2172,39,0.0
100,33357,1988,22839,231958,2622,1988,52,0.0
101,31528,1829,23891,232883,2633,1829,57,0.0
102,29832,1696,24750,233843,2643,1696,50,0.0
103,28359,1473,25368,234912,2652,1473,78,0.0
104,26907,1452,25665,236076,2664,1452,70,0.0
105,25560,1347,25735,237452,2670,1347,67,0.0
106,24398,1162,25430,239097,2677,1162,97,0.0
107,23177,1221,24720,240957,2689,1221,118,0.0
108,22008,1169,24126,242760,2701,1169,98,0.0
109,21032,976,23169,244878,2709,976,104,0.0
110,20079,953,22035,246974,2723,953,78,0.0
111,19176,903,20904,249043,2738,903,97,0.0
112,18345,831,19730,251103,2755,831,84,0.0
113,17543,802,18485,253156,2778,802,86,0.0
114,16805,738,17308,255115,2798,738,82,0.0
115,16031,774,16183,256963,2813,774,81,0.0
116,15357,674,15220,258681,2832,674,80,0.0
117,14747,610,14311,260246,2850,610,65,0.0
118,14177,570,13392,261751,2874,570,63,0.0
119,13584,593,12547,263147,2893,593,48,0.0
120,13044,540,11840,264429,2911,540,58,0.0
121,12506,538,11169,265630,2921,538,46,0.0
122,12012,494,10560,266761,2937,494,45,0.0
123,11566,446,9933,267861,2958,446,38,0.0
124,11119,447,9285,268935,2978,447,39,0.0
125,10705,414,8757,269899,2989,414,40,0.0
126,10337,368,8301,270754,3004,368,46,0.0
127,9984,353,7789,271617,3021,353,31,0.0
128,9671,313,7368,272379,3033,313,26,0.0
129,9336,335,6929,273125,3039,335,16,0.0
130,9008,328,6542,273841,3045,328,18,0.0
131,8728,280,6179,274524,3053,280,33,0.0
132,8433,295,5812,275161,3063,295,21,0.0
133,8191,242,5498,275763,3070,242,26,0.0
134,7932,259,5173,276321,3079,259,15,0.0
135,7669,263,4934,276810,3088,263,20,0.0
136,7457,212,4702,277301,3092,212,23,0.0
137,7232,225,4446,277759,3102,225,13,0.0
138,7029,203,4209,278213,3110,203,14,0.0
139,6857,172,3965,278653,3117,172,18,0.0
140,6670,187,3749,279037,3121,187,19,0.0
141,6502,168,3543,279425,3126,168,17,0.0
142,6336,166,3392,279740,3130,166,12,0.0
143,6194,142,3222,280071,3135,142,14,0.0
144,6038,156,3064,280363,3143,156,14,0.0
145,5901,137,2910,280673,3143,137,14,0.0
146,5761,140,2728,280985,3150,140,9,0.0
147,5628,133,2602,281243,3158,133,4,0.0
148,5504,124,2450,281524,3162,124,9,0.0
149,5379,125,2333,281764,3163,125,10,0.0
150,5263,116,2181,282036,3168,116,7,0.0
151,5155,108,2079,282249,3173,108,10,0.0
152,5077,78,1972,282464,3173,78,10,0.0
153,5000,77,1847,282664,3176,77,6,0.0
154,4890,110,1746,282842,3176,110,7,0.0
155,4796,94,1672,283024,3178,94,8,0.0
156,4727,69,1598,283191,3179,69,2,0.0
157,4655,72,1508,283348,3181,72,9,0.0
158,4568,87,1448,283478,3183,87,9,0.0
159,4490,78,1392,283619,3185,78,5,0.0
160,4414,76,1334,283753,3187,76,5,0.0
161,4344,70,1275,283886,3189,70,6,0.0
162,4268,76,1217,284013,3190,76,4,0.0
163,4204,64,1186,284118,3192,64,2,0.0
164,4159,45,1129,284237,3194,45,6,0.0
165,4086,73,1060,284350,3195,73,2,0.0
166,4040,46,1044,284439,3195,46,4,0.0
167,3980,60,1017,284512,3195,60,5,0.0
168,3922,58,975,284611,3198,58,3,0.0
169,3870,52,941,284702,3199,52,4,0.0
170,3816,54,902,284792,3200,54,4,0.0
171,3770,46,876,284872,3200,46,3,0.0
172,3725,45,833,284960,3201,45,2,0.0
173,3679,46,811,285024,3204,46,2,0.0
174,3639,40,770,285111,3204,40,3,0.0
175,3592,47,743,285177,3205,47,4,0.0
176,3549,43,708,285258,3206,43,2,0.0
177,3505,44,689,285320,3206,44,3,0.0
178,3473,32,684,285369,3206,32,2,0.0
179,3432,41,657,285426,3208,41,3,0.0
180,3400,32,626,285497,3209,32,1,0.0
