#time,susceptible,exposed,infectious,recovered,dead,num infections today,num hospitalisations today,num hospitalisations today (data)
-29,292364,425,0,0,0,0,0,0.0
-28,292364,425,0,0,0,0,0,0.0
-27,292364,425,0,0,0,0,0,0.0
-26,292364,425,0,0,0,0,0,0.0
-25,292364,425,0,0,0,0,0,0.0
-24,292364,425,0,0,0,0,0,0.0
-23,292364,425,0,0,0,0,0,0.0
-22,292364,425,0,0,0,0,0,0.0
-21,292364,425,0,0,0,0,0,0.0
-20,292364,374,51,0,0,0,0,0.0
-19,292358,380,51,0,0,6,0,0.0
-18,292345,370,74,0,0,13,0,0.0
-17,292330,355,104,0,0,15,0,0.0
-16,292299,354,136,0,0,31,0,0.0
-15,292245,360,184,0,0,54,0,0.0
-14,292162,338,288,1,0,83,0,0.0
-13,291980,352,454,3,0,182,1,0.0
-12,291687,395,702,5,0,293,0,0.0
-11,291120,635,1024,10,0,567,1,0.0
-10,290256,864,1654,15,0,864,1,0.0
-9,288823,1433,2505,28,0,1433,1,0.0
-8,286422,2401,3917,49,0,2401,1,0.0
-7,282715,3707,6297,70,0,3707,4,0.0
-6,277356,5359,9973,101,0,5359,2,0.0
-5,272948,4408,15268,165,0,4408,4,0.0
-4,269265,3683,19619,222,0,3683,6,0.0
-3,266237,3028,23184,339,1,3028,15,0.0
-2,263564,2673,25998,553,1,2673,24,0.0
-1,261191,2373,28346,878,1,2373,25,0.0
0,258971,2220,30288,1308,2,2220,49,40.0
1,256787,2184,31875,1941,2,2184,66,7.0
2,254373,2414,33167,2831,4,2414,81,10.0
3,251769,2604,34322,4080,14,2604,104,4.0
4,248841,2928,35309,5695,16,2928,136,3.0
5,245513,3328,36263,7668,17,3328,125,5.0
6,241532,3981,37195,10058,23,3981,150,6.0
7,236844,4688,38611,12610,36,4688,134,6.0
8,231751,5093,40471,15423,51,5093,140,9.0
9,225862,5889,42647,18324,67,5889,154,12.0
10,219164,6698,45683,21165,79,6698,152,7.0
11,211952,7212,49376,24150,99,7212,128,11.0
12,204021,7931,53780,26933,124,7931,138,18.0
13,195886,8135,58843,29779,146,8135,124,13.0
14,187279,8607,64151,32580,172,8607,142,27.0
15,178677,8602,69824,35480,206,8602,135,23.0
16,175701,2976,75396,38476,240,2976,186,33.0
17,172727,2974,75106,41707,275,2974,185,23.0
18,169675,3052,74467,45279,316,3052,206,35.0
19,166327,3348,73619,49150,345,3348,228,26.0
20,162926,3401,72703,53387,372,3401,262,23.0
21,159509,3417,71270,58187,406,3417,311,15.0
22,156024,3485,69413,63425,442,3485,315,1.0
23,154201,1823,67291,68990,484,1823,287,0.0
24,152247,1954,63199,74854,535,1954,361,0.0
25,150273,1974,58936,81025,581,1974,291,0.0
26,148182,2091,54590,87297,629,2091,289,0.0
27,146095,2087,50604,93306,697,2087,280,0.0
28,144041,2054,46928,99019,747,2054,268,0.0
29,142039,2002,43495,104444,809,2002,249,0.0
30,139974,2065,40367,109503,880,2065,229,0.0
31,137981,1993,37738,114137,940,1993,210,0.0
32,135972,2009,35407,118396,1005,2009,180,0.0
33,134015,1957,33456,122297,1064,1957,176,0.0
34,132007,2008,31781,125862,1131,2008,143,0.0
35,130077,1930,30628,128967,1187,1930,147,0.0
36,128077,2000,29509,131959,1244,2000,139,0.0
37,126225,1852,28802,134609,1301,1852,129,0.0
38,124307,1918,28006,137221,1337,1918,128,0.0
39,122464,1843,27494,139604,1384,1843,94,0.0
40,120635,1829,27030,141869,1426,1829,124,0.0
41,118784,1851,26508,144168,1478,1851,117,0.0
42,117003,1781,26174,146321,1510,1781,100,0.0
43,115240,1763,25926,148313,1547,1763,121,0.0
44,113464,1776,25581,150395,1573,1776,101,0.0
45,111805,1659,25230,152485,1610,1659,97,0.0
46,110060,1745,24880,154470,1634,1745,87,0.0
47,108405,1655,24562,156511,1656,1655,80,0.0
48,106724,1681,24273,158430,1681,1681,91,0.0
49,105062,1662,24021,160344,1700,1662,108,0.0
50,103417,1645,23806,162201,1720,1645,97,0.0
51,101880,1537,23541,164083,1748,1537,114,0.0
52,100320,1560,23173,165965,1771,1560,100,0.0
53,98866,1454,22871,167798,1800,1454,77,0.0
54,97297,1569,22522,169579,1822,1569,80,0.0
55,95751,1546,22269,171381,1842,1546,78,0.0
56,94191,1560,22076,173099,1863,1560,97,0.0
57,92797,1394,21867,174846,1885,1394,90,0.0
58,91360,1437,21461,176628,1903,1437,102,0.0
59,89907,1453,21112,178390,1927,1453,87,0.0
60,88524,1383,20870,180061,1951,1383,75,0.0
61,87196,1328,20584,181704,1977,1328,89,0.0
62,85902,1294,20286,183308,1999,1294,88,0.0
63,84576,1326,19925,184941,2021,1326,92,0.0
64,83293,1283,19698,186476,2039,1283,89,0.0
65,82051,1242,19389,188048,2059,1242,85,0.0
66,80782,1269,18987,189668,2083,1269,88,0.0
67,79577,1205,18666,191236,2105,1205,74,0.0
68,78403,1174,18324,192768,2120,1174,70,0.0
69,77203,1200,17940,194308,2138,1200,63,0.0
70,76084,1119,17672,195763,2151,1119,77,0.0
71,74935,1149,17364,197165,2176,1149,63,0.0
72,73810,1125,17041,198608,2205,1125,83,0.0
73,72709,1101,16741,200021,2217,1101,68,0.0
74,71665,1044,16451,201392,2237,1044,59,0.0
75,70570,1095,16149,202722,2253,1095,73,0.0
76,69477,1093,15923,204022,2274,1093,70,0.0
77,68436,1041,15686,205340,2286,1041,55,0.0
78,67391,1045,15455,206592,2306,1045,73,0.0
79,66402,989,15275,207807,2316,989,57,0.0
80,65373,1029,14979,209079,2329,1029,60,0.0
81,64409,964,14773,210298,2345,964,65,0.0
82,63489,920,14531,211484,2365,920,63,0.0
83,62561,928,14254,212669,2377,928,53,0.0
84,61642,919,14034,213803,2391,919,50,0.0
85,60788,854,13764,214981,2402,854,56,0.0
86,59878,910,13517,216072,2412,910,57,0.0
87,58975,903,13329,217157,2425,903,39,0.0
88,58136,839,13114,218262,2438,839,48,0.0
89,57274,862,12876,219324,2453,862,42,0.0
90,56407,867,12677,220365,2473,867,43,0.0
91,55574,833,12516,221374,2492,833,61,0.0
92,54812,762,12262,222451,2502,762,51,0.0
93,54018,794,12005,223461,2511,794,43,0.0
94,53155,863,11763,224483,2525,863,44,0.0
95,52293,862,11629,225467,2538,862,41,0.0
96,51436,857,11516,226430,2550,857,45,0.0
97,50629,807,11462,227326,2565,807,37,0.0
98,49738,891,11398,228192,2570,891,46,0.0
99,48962,776,11373,229097,2581,776,44,0.0
100,48147,815,11250,229984,2593,815,37,0.0
101,47372,775,11187,230851,2604,775,43,0.0
102,46600,772,11123,231682,2612,772,48,0.0
103,45900,700,11042,232524,2623,700,33,0.0
104,45201,699,10865,233393,2631,699,40,0.0
105,44489,712,10750,234193,2645,712,39,0.0
106,43825,664,10597,235050,2653,664,34,0.0
107,43138,687,10357,235944,2663,687,36,0.0
108,42497,641,10215,236768,2668,641,43,0.0
109,41866,631,10054,237565,2673,631,41,0.0
110,41249,617,9870,238371,2682,617,43,0.0
111,40613,636,9658,239185,2697,636,31,0.0
112,40020,593,9469,240004,2703,593,27,0.0
113,39409,611,9270,240784,2715,611,35,0.0
114,38816,593,9103,241558,2719,593,35,0.0
115,38242,574,8887,242351,2735,574,26,0.0
116,37701,541,8744,243058,2745,541,31,0.0
117,37149,552,8564,243770,2754,552,30,0.0
118,36574,575,8376,244499,2765,575,20,0.0
119,36023,551,8214,245229,2772,551,30,0.0
120,35496,527,8086,245901,2779,527,31,0.0
121,34983,513,7911,246596,2786,513,28,0.0
122,34497,486,7756,247255,2795,486,24,0.0
123,34009,488,7584,247904,2804,488,33,0.0
124,33493,516,7440,248532,2808,516,20,0.0
125,32995,498,7316,249164,2816,498,22,0.0
126,32513,482,7254,249716,2824,482,28,0.0
127,32076,437,7150,250292,2834,437,27,0.0
128,31636,440,6993,250882,2838,440,26,0.0
129,31185,451,6854,251455,2844,451,23,0.0
130,30710,475,6740,252015,2849,475,18,0.0
131,30259,451,6664,252561,2854,451,32,0.0
132,29848,411,6543,253128,2859,411,27,0.0
133,29413,435,6409,253669,2863,435,18,0.0
134,29040,373,6327,254184,2865,373,18,0.0
135,28659,381,6146,254734,2869,381,16,0.0
136,28228,431,6007,255248,2875,431,21,0.0
137,27806,422,5957,255724,2880,422,16,0.0
138,27403,403,5894,256203,2886,403,20,0.0
139,27052,351,5801,256695,2890,351,23,0.0
140,26713,339,5694,257148,2895,339,25,0.0
141,26357,356,5578,257599,2899,356,19,0.0
142,25998,359,5487,258038,2907,359,23,0.0
143,25650,348,5384,258496,2911,348,21,0.0
144,25288,362,5256,258968,2915,362,28,0.0
145,24940,348,5174,259405,2922,348,16,0.0
146,24602,338,5083,259837,2929,338,18,0.0
147,24292,310,4991,260259,2937,310,21,0.0
148,23928,364,4900,260653,2944,364,12,0.0
149,23580,348,4868,261048,2945,348,17,0.0
150,23268,312,4829,261431,2949,312,18,0.0
151,22937,331,4784,261785,2952,331,12,0.0
152,22641,296,4720,262175,2957,296,10,0.0
153,22338,303,4637,262545,2966,303,25,0.0
154,22030,308,4547,262935,2969,308,17,0.0
155,21763,267,4466,263321,2972,267,10,0.0
156,21512,251,4378,263671,2977,251,11,0.0
157,21227,285,4274,264023,2980,285,16,0.0
158,20945,282,4175,264406,2981,282,14,0.0
159,20638,307,4132,264726,2986,307,11,0.0
160,20381,257,4065,265097,2989,257,16,0.0
161,20148,233,3990,265427,2991,233,12,0.0
162,19881,267,3926,265722,2993,267,10,0.0
163,19615,266,3888,266026,2994,266,17,0.0
164,19375,240,3843,266336,2995,240,9,0.0
165,19126,249,3761,266653,3000,249,14,0.0
166,18870,256,3686,266975,3002,256,18,0.0
167,18642,228,3633,267278,3008,228,18,0.0
168,18420,222,3553,267585,3009,222,12,0.0
169,18186,234,3481,267877,3011,234,9,0.0
170,17958,228,3411,268178,3014,228,8,0.0
171,17746,212,3370,268443,3018,212,8,0.0
172,17533,213,3288,268735,3020,213,13,0.0
173,17306,227,3238,268996,3022,227,7,0.0
174,17113,193,3214,269245,3024,193,10,0.0
175,16925,188,3131,269519,3026,188,10,0.0
176,16719,206,3070,269767,3027,206,6,0.0
177,16516,203,2990,270052,3028,203,13,0.0
178,16320,196,2935,270310,3028,196,1,0.0
179,16129,191,2898,270539,3032,191,12,0.0
180,15916,213,2856,270769,3035,213,11,0.0
