#time,susceptible,exposed,infectious,recovered,dead,num infections today,num hospitalisations today,num hospitalisations today (data)
-29,239973,427,0,0,0,0,0,0.0
-28,239973,427,0,0,0,0,0,0.0
-27,239973,427,0,0,0,0,0,0.0
-26,239973,427,0,0,0,0,0,0.0
-25,239973,427,0,0,0,0,0,0.0
-24,239973,427,0,0,0,0,0,0.0
-23,239973,427,0,0,0,0,0,0.0
-22,239973,427,0,0,0,0,0,0.0
-21,239973,427,0,0,0,0,0,0.0
-20,239973,376,51,0,0,0,0,0.0
-19,239973,376,51,0,0,0,0,0.0
-18,239971,360,69,0,0,2,0,0.0
-17,239968,344,88,0,0,3,0,0.0
-16,239966,326,108,0,0,2,0,0.0
-15,239962,311,127,0,0,4,0,0.0
-14,239958,260,181,1,0,4,0,0.0
-13,239950,179,270,1,0,8,0,0.0
-12,239939,114,343,4,0,11,0,0.0
-11,239932,76,385,7,0,7,0,0.0
-10,239914,18,453,15,0,18,1,0.0
-9,239892,22,461,25,0,22,1,0.0
-8,239868,24,474,34,0,24,2,0.0
-7,239839,29,481,51,0,29,1,0.0
-6,239798,41,489,72,0,41,2,0.0
-5,239763,35,510,92,0,35,0,0.0
-4,239711,52,515,122,0,52,2,0.0
-3,239652,59,536,153,0,59,1,0.0
-2,239586,66,565,183,0,66,3,0.0
-1,239521,65,585,229,0,65,1,0.0
0,239446,75,606,272,1,75,3,40.0
1,239359,87,633,319,2,87,4,7.0
2,239277,82,680,359,2,82,3,10.0
3,239168,109,727,394,2,109,2,4.0
4,239042,126,791,438,3,126,4,3.0
5,238897,145,868,487,3,145,2,5.0
6,238736,161,971,529,3,161,1,6.0
7,238563,173,1095,565,4,173,2,6.0
8,238391,172,1224,607,6,172,1,9.0
9,238205,186,1346,656,7,186,4,12.0
10,237984,221,1482,706,7,221,3,7.0
11,237740,244,1649,759,8,244,3,11.0
12,237452,288,1832,820,8,288,3,18.0
13,237138,314,2034,906,8,314,3,13.0
14,236800,338,2264,988,10,338,4,27.0
15,236425,375,2512,1077,11,375,5,23.0
16,236294,131,2797,1166,12,131,7,33.0
17,236163,131,2813,1280,13,131,6,23.0
18,236003,160,2803,1420,14,160,5,35.0
19,235866,137,2840,1543,14,137,13,26.0
20,235682,184,2833,1687,14,184,18,23.0
21,235505,177,2820,1884,14,177,17,15.0
22,235317,188,2801,2078,16,188,10,1.0
23,235254,63,2782,2283,18,63,8,0.0
24,235159,95,2639,2489,18,95,11,0.0
25,235080,79,2533,2688,20,79,9,0.0
26,235002,78,2409,2887,24,78,9,0.0
27,234908,94,2235,3137,26,94,16,0.0
28,234817,91,2104,3358,30,91,12,0.0
29,234735,82,1964,3587,32,82,11,0.0
30,234625,110,1810,3821,34,110,8,0.0
31,234534,91,1701,4034,40,91,7,0.0
32,234443,91,1599,4221,46,91,5,0.0
33,234352,91,1505,4404,48,91,13,0.0
34,234255,97,1440,4556,52,97,6,0.0
35,234156,99,1380,4712,53,99,7,0.0
36,234065,91,1338,4849,57,91,3,0.0
37,233976,89,1316,4961,58,89,6,0.0
38,233865,111,1296,5067,61,111,11,0.0
39,233764,101,1298,5175,62,101,5,0.0
40,233647,117,1295,5278,63,117,5,0.0
41,233538,109,1301,5387,65,109,7,0.0
42,233407,131,1327,5468,67,131,4,0.0
43,233287,120,1369,5557,67,120,2,0.0
44,233166,121,1391,5654,68,121,3,0.0
45,233043,123,1418,5748,68,123,3,0.0
46,232933,110,1434,5853,70,110,7,0.0
47,232818,115,1445,5950,72,115,5,0.0
48,232691,127,1462,6048,72,127,6,0.0
49,232573,118,1491,6144,74,118,6,0.0
50,232463,110,1510,6243,74,110,4,0.0
51,232328,135,1515,6348,74,135,9,0.0
52,232189,139,1545,6451,76,139,1,0.0
53,232051,138,1567,6566,78,138,4,0.0
54,231907,144,1596,6674,79,144,6,0.0
55,231762,145,1636,6777,80,145,7,0.0
56,231655,107,1674,6881,83,107,3,0.0
57,231533,122,1656,7004,85,122,5,0.0
58,231387,146,1669,7111,87,146,8,0.0
59,231260,127,1708,7217,88,127,6,0.0
60,231120,140,1725,7327,88,140,4,0.0
61,230968,152,1747,7443,90,152,8,0.0
62,230824,144,1754,7586,92,144,9,0.0
63,230667,157,1761,7720,95,157,9,0.0
64,230534,133,1807,7829,97,133,7,0.0
65,230371,163,1817,7949,100,163,8,0.0
66,230210,161,1849,8080,100,161,8,0.0
67,230055,155,1887,8201,102,155,8,0.0
68,229892,163,1917,8325,103,163,10,0.0
69,229737,155,1950,8455,103,155,5,0.0
70,229553,184,1973,8584,106,184,6,0.0
71,229405,148,2026,8714,107,148,12,0.0
72,229238,167,2029,8859,107,167,5,0.0
73,229074,164,2057,8996,109,164,4,0.0
74,228915,159,2071,9146,109,159,8,0.0
75,228724,191,2107,9267,111,191,14,0.0
76,228535,189,2157,9408,111,189,9,0.0
77,228347,188,2197,9556,112,188,4,0.0
78,228159,188,2209,9729,115,188,3,0.0
79,227990,169,2224,9901,116,169,7,0.0
80,227806,184,2226,10066,118,184,9,0.0
81,227611,195,2263,10211,120,195,9,0.0
82,227448,163,2279,10389,121,163,9,0.0
83,227243,205,2283,10547,122,205,10,0.0
84,227053,190,2340,10695,122,190,11,0.0
85,226855,198,2360,10862,125,198,8,0.0
86,226650,205,2407,11011,127,205,13,0.0
87,226434,216,2461,11159,130,216,15,0.0
88,226229,205,2489,11341,136,205,8,0.0
89,226023,206,2512,11522,137,206,11,0.0
90,225812,211,2550,11689,138,211,14,0.0
91,225603,209,2599,11847,142,209,11,0.0
92,225379,224,2622,12031,144,224,9,0.0
93,225161,218,2645,12224,152,218,18,0.0
94,224884,277,2681,12403,155,277,5,0.0
95,224627,257,2767,12593,156,257,9,0.0
96,224370,257,2808,12806,159,257,10,0.0
97,224096,274,2842,13026,162,274,12,0.0
98,223808,288,2912,13226,166,288,21,0.0
99,223536,272,3035,13390,167,272,9,0.0
100,223255,281,3109,13588,167,281,10,0.0
101,222957,298,3219,13756,170,298,19,0.0
102,222679,278,3291,13980,172,278,8,0.0
103,222397,282,3372,14175,174,282,21,0.0
104,222115,282,3450,14375,178,282,11,0.0
105,221801,314,3521,14585,179,314,10,0.0
106,221526,275,3590,14828,181,275,19,0.0
107,221240,286,3641,15049,184,286,6,0.0
108,220927,313,3682,15291,187,313,11,0.0
109,220612,315,3774,15509,190,315,15,0.0
110,220294,318,3821,15774,193,318,17,0.0
111,220012,282,3862,16049,195,282,8,0.0
112,219685,327,3846,16345,197,327,21,0.0
113,219321,364,3885,16630,200,364,10,0.0
114,219000,321,3958,16918,203,321,17,0.0
115,218681,319,4004,17191,205,319,16,0.0
116,218343,338,4061,17449,209,338,19,0.0
117,217951,392,4129,17718,210,392,14,0.0
118,217588,363,4221,18016,212,363,17,0.0
119,217207,381,4286,18314,212,381,12,0.0
120,216852,355,4376,18598,219,355,14,0.0
121,216471,381,4439,18887,222,381,15,0.0
122,216080,391,4553,19151,225,391,13,0.0
123,215736,344,4617,19475,228,344,16,0.0
124,215380,356,4618,19816,230,356,14,0.0
125,214970,410,4650,20136,234,410,18,0.0
126,214610,360,4720,20473,237,360,12,0.0
127,214236,374,4753,20798,239,374,15,0.0
128,213858,378,4801,21123,240,378,21,0.0
129,213470,388,4835,21461,246,388,10,0.0
130,213083,387,4853,21824,253,387,17,0.0
131,212676,407,4904,22158,255,407,18,0.0
132,212295,381,4973,22493,258,381,16,0.0
133,211877,418,5012,22834,259,418,14,0.0
134,211479,398,5081,23181,261,398,14,0.0
135,211056,423,5131,23527,263,423,8,0.0
136,210631,425,5191,23888,265,425,15,0.0
137,210215,416,5211,24290,268,416,17,0.0
138,209757,458,5245,24669,271,458,17,0.0
139,209340,417,5294,25075,274,417,13,0.0
140,208947,393,5339,25445,276,393,23,0.0
141,208510,437,5363,25807,283,437,24,0.0
142,208072,438,5418,26187,285,438,12,0.0
143,207609,463,5464,26574,290,463,21,0.0
144,207158,451,5556,26940,295,451,13,0.0
145,206729,429,5589,27354,299,429,11,0.0
146,206319,410,5636,27733,302,410,19,0.0
147,205890,429,5661,28117,303,429,20,0.0
148,205453,437,5693,28510,307,437,17,0.0
149,205046,407,5723,28916,308,407,24,0.0
150,204595,451,5726,29316,312,451,10,0.0
151,204163,432,5750,29736,319,432,23,0.0
152,203720,443,5742,30172,323,443,7,0.0
153,203281,439,5739,30613,328,439,11,0.0
154,202847,434,5736,31054,329,434,15,0.0
155,202415,432,5718,31503,332,432,15,0.0
156,201926,489,5708,31936,341,489,16,0.0
157,201516,410,5790,32339,345,410,16,0.0
158,201065,451,5761,32776,347,451,21,0.0
159,200598,467,5797,33189,349,467,25,0.0
160,200171,427,5854,33598,350,427,19,0.0
161,199729,442,5860,34013,356,442,18,0.0
162,199267,462,5866,34445,360,462,16,0.0
163,198820,447,5908,34858,367,447,22,0.0
164,198372,448,5906,35299,375,448,19,0.0
165,197935,437,5897,35748,383,437,24,0.0
166,197468,467,5936,36143,386,467,17,0.0
167,197031,437,5967,36573,392,437,23,0.0
168,196547,484,5945,37026,398,484,20,0.0
169,196081,466,5987,37461,405,466,24,0.0
170,195644,437,6046,37866,407,437,25,0.0
171,195181,463,6037,38310,409,463,22,0.0
172,194702,479,6062,38744,413,479,26,0.0
173,194256,446,6095,39184,419,446,18,0.0
174,193806,450,6084,39637,423,450,18,0.0
175,193369,437,6062,40105,427,437,28,0.0
176,192918,451,6056,40544,431,451,21,0.0
177,192462,456,6064,40981,437,456,23,0.0
178,191988,474,6047,41449,442,474,20,0.0
179,191512,476,6069,41896,447,476,32,0.0
180,191045,467,6070,42368,450,467,22,0.0
