#time,susceptible,exposed,infectious,recovered,dead,num infections today,num hospitalisations today,num hospitalisations today (data)
-29,327902,425,0,0,0,0,0,0.0
-28,327902,425,0,0,0,0,0,0.0
-27,327902,425,0,0,0,0,0,0.0
-26,327902,425,0,0,0,0,0,0.0
-25,327902,425,0,0,0,0,0,0.0
-24,327902,425,0,0,0,0,0,0.0
-23,327902,425,0,0,0,0,0,0.0
-22,327902,425,0,0,0,0,0,0.0
-21,327902,425,0,0,0,0,0,0.0
-20,327902,374,51,0,0,0,0,0.0
-19,327901,375,51,0,0,1,0,0.0
-18,327901,357,69,0,0,0,0,0.0
-17,327900,341,86,0,0,1,0,0.0
-16,327898,325,104,0,0,2,0,0.0
-15,327894,310,123,0,0,4,0,0.0
-14,327893,256,178,0,0,1,0,0.0
-13,327881,182,262,2,0,12,0,0.0
-12,327873,110,338,6,0,8,0,0.0
-11,327863,78,378,8,0,10,3,0.0
-10,327842,21,452,12,0,21,0,0.0
-9,327816,26,467,18,0,26,1,0.0
-8,327796,20,477,34,0,20,0,0.0
-7,327757,39,488,43,0,39,2,0.0
-6,327711,46,512,58,0,46,0,0.0
-5,327670,41,538,78,0,41,2,0.0
-4,327609,61,555,102,0,61,0,0.0
-3,327548,61,583,135,0,61,2,0.0
-2,327480,68,610,169,0,68,5,0.0
-1,327392,88,639,208,0,88,5,0.0
0,327319,73,679,256,0,73,3,40.0
1,327232,87,707,301,0,87,1,7.0
2,327113,119,748,347,0,119,3,10.0
3,326984,129,815,399,0,129,2,4.0
4,326842,142,895,448,0,142,2,3.0
5,326694,148,998,486,1,148,0,5.0
6,326510,184,1084,546,3,184,1,6.0
7,326308,202,1226,588,3,202,3,6.0
8,326085,223,1383,631,5,223,1,9.0
9,325853,232,1550,686,6,232,3,12.0
10,325603,250,1725,742,7,250,4,7.0
11,325259,344,1916,801,7,344,3,11.0
12,324921,338,2193,868,7,338,4,18.0
13,324535,386,2440,959,7,386,7,13.0
14,324096,439,2734,1051,7,439,2,27.0
15,323580,516,3064,1159,8,516,10,23.0
16,323350,230,3470,1268,9,230,9,33.0
17,323130,220,3564,1403,10,220,8,23.0
18,322862,268,3639,1547,11,268,2,35.0
19,322539,323,3732,1721,12,323,9,26.0
20,322247,292,3867,1908,13,292,14,23.0
21,321900,347,3954,2111,15,347,3,15.0
22,321518,382,4067,2341,19,382,9,1.0
23,321440,78,4192,2596,21,78,19,0.0
24,321354,86,3992,2873,22,86,11,0.0
25,321257,97,3772,3177,24,97,5,0.0
26,321172,85,3559,3487,24,85,17,0.0
27,321054,118,3347,3784,24,118,10,0.0
28,320944,110,3156,4092,25,110,10,0.0
29,320833,111,2923,4432,28,111,18,0.0
30,320719,114,2697,4768,29,114,9,0.0
31,320604,115,2497,5081,30,115,7,0.0
32,320486,118,2326,5363,34,118,7,0.0
33,320374,112,2158,5647,36,112,5,0.0
34,320254,120,1995,5921,37,120,8,0.0
35,320133,121,1873,6155,45,121,10,0.0
36,319995,138,1785,6361,48,138,8,0.0
37,319882,113,1728,6554,50,113,3,0.0
38,319751,131,1660,6732,53,131,5,0.0
39,319620,131,1632,6890,54,131,4,0.0
40,319483,137,1627,7024,56,137,4,0.0
41,319355,128,1631,7156,57,128,1,0.0
42,319200,155,1628,7284,60,155,3,0.0
43,319058,142,1657,7407,63,142,5,0.0
44,318906,152,1664,7539,66,152,6,0.0
45,318751,155,1689,7665,67,155,9,0.0
46,318619,132,1741,7768,67,132,8,0.0
47,318468,151,1746,7894,68,151,13,0.0
48,318344,124,1784,8006,69,124,8,0.0
49,318203,141,1792,8121,70,141,15,0.0
50,318040,163,1813,8240,71,163,10,0.0
51,317870,170,1836,8376,75,170,3,0.0
52,317708,162,1897,8483,77,162,10,0.0
53,317560,148,1931,8611,77,148,8,0.0
54,317404,156,1948,8737,82,156,8,0.0
55,317241,163,1968,8869,86,163,4,0.0
56,317082,159,1982,9017,87,159,4,0.0
57,316914,168,2004,9152,89,168,1,0.0
58,316765,149,2021,9302,90,149,7,0.0
59,316584,181,2045,9426,91,181,7,0.0
60,316388,196,2087,9562,94,196,8,0.0
61,316202,186,2134,9711,94,186,10,0.0
62,316017,185,2179,9851,95,185,7,0.0
63,315837,180,2208,10005,97,180,4,0.0
64,315645,192,2213,10179,98,192,12,0.0
65,315464,181,2262,10322,98,181,5,0.0
66,315290,174,2291,10473,99,174,7,0.0
67,315099,191,2316,10622,99,191,5,0.0
68,314916,183,2320,10807,101,183,9,0.0
69,314721,195,2361,10949,101,195,9,0.0
70,314534,187,2392,11111,103,187,9,0.0
71,314336,198,2402,11286,105,198,11,0.0
72,314122,214,2430,11456,105,214,16,0.0
73,313887,235,2479,11618,108,235,6,0.0
74,313662,225,2537,11795,108,225,6,0.0
75,313447,215,2586,11970,109,215,8,0.0
76,313240,207,2617,12154,109,207,5,0.0
77,312993,247,2642,12334,111,247,6,0.0
78,312683,310,2723,12499,112,310,14,0.0
79,312338,345,2862,12667,115,345,6,0.0
80,312007,331,3013,12859,117,331,10,0.0
81,311679,328,3171,13032,117,328,12,0.0
82,311334,345,3298,13228,122,345,5,0.0
83,311004,330,3426,13444,123,330,9,0.0
84,310657,347,3547,13650,126,347,6,0.0
85,310320,337,3695,13848,127,337,14,0.0
86,309933,387,3813,14066,128,387,13,0.0
87,309558,375,3987,14278,129,375,9,0.0
88,309174,384,4122,14516,131,384,7,0.0
89,308823,351,4280,14741,132,351,14,0.0
90,308468,355,4397,14974,133,355,19,0.0
91,308095,373,4435,15287,137,373,14,0.0
92,307754,341,4540,15551,141,341,22,0.0
93,307369,385,4586,15845,142,385,14,0.0
94,307013,356,4670,16144,144,356,11,0.0
95,306629,384,4701,16467,146,384,11,0.0
96,306258,371,4757,16794,147,371,14,0.0
97,305854,404,4795,17124,150,404,15,0.0
98,305483,371,4825,17496,152,371,12,0.0
99,305077,406,4848,17839,157,406,18,0.0
100,304661,416,4894,18199,157,416,19,0.0
101,304269,392,4952,18553,161,392,11,0.0
102,303865,404,4991,18904,163,404,16,0.0
103,303454,411,5036,19259,167,411,18,0.0
104,303061,393,5078,19624,171,393,22,0.0
105,302676,385,5124,19966,176,385,18,0.0
106,302215,461,5152,20322,177,461,18,0.0
107,301817,398,5213,20719,180,398,15,0.0
108,301342,475,5217,21107,186,475,17,0.0
109,300827,515,5339,21456,190,515,14,0.0
110,300374,453,5438,21867,195,453,22,0.0
111,299906,468,5529,22226,198,468,17,0.0
112,299424,482,5629,22594,198,482,28,0.0
113,298934,490,5726,22977,200,490,18,0.0
114,298477,457,5846,23346,201,457,13,0.0
115,297991,486,5903,23741,206,486,15,0.0
116,297546,445,5983,24144,209,445,18,0.0
117,297066,480,6019,24550,212,480,12,0.0
118,296557,509,6112,24936,213,509,18,0.0
119,296003,554,6192,25361,217,554,15,0.0
120,295491,512,6319,25779,226,512,26,0.0
121,294933,558,6396,26210,230,558,23,0.0
122,294384,549,6498,26662,234,549,22,0.0
123,293789,595,6588,27119,236,595,20,0.0
124,293206,583,6747,27555,236,583,31,0.0
125,292646,560,6855,28027,239,560,20,0.0
126,292110,536,6936,28502,243,536,30,0.0
127,291577,533,7002,28970,245,533,27,0.0
128,291039,538,7065,29435,250,538,22,0.0
129,290450,589,7095,29939,254,589,25,0.0
130,289867,583,7171,30447,259,583,21,0.0
131,289275,592,7240,30959,261,592,20,0.0
132,288637,638,7357,31428,267,638,35,0.0
133,288032,605,7472,31942,276,605,24,0.0
134,287448,584,7539,32473,283,584,29,0.0
135,286823,625,7577,33016,286,625,29,0.0
136,286235,588,7658,33555,291,588,29,0.0
137,285579,656,7682,34112,298,656,23,0.0
138,284945,634,7788,34654,306,634,19,0.0
139,284335,610,7858,35211,313,610,19,0.0
140,283715,620,7901,35771,320,620,30,0.0
141,283035,680,7980,36304,328,680,21,0.0
142,282389,646,8097,36860,335,646,28,0.0
143,281652,737,8128,37469,341,737,24,0.0
144,280980,672,8270,38059,346,672,24,0.0
145,280292,688,8408,38582,357,688,33,0.0
146,279580,712,8485,39187,363,712,30,0.0
147,278853,727,8610,39770,367,727,38,0.0
148,278175,678,8729,40377,368,678,40,0.0
149,277415,760,8805,40975,372,760,34,0.0
150,276733,682,8946,41589,377,682,38,0.0
151,275980,753,9049,42161,384,753,36,0.0
152,275234,746,9189,42767,391,746,34,0.0
153,274508,726,9286,43412,395,726,31,0.0
154,273720,788,9351,44070,398,788,30,0.0
155,272988,732,9473,44719,415,732,28,0.0
156,272264,724,9478,45438,423,724,47,0.0
157,271513,751,9523,46110,430,751,28,0.0
158,270733,780,9597,46775,442,780,30,0.0
159,269960,773,9706,47442,446,773,45,0.0
160,269179,781,9788,48122,457,781,44,0.0
161,268361,818,9889,48794,465,818,40,0.0
162,267574,787,10039,49457,470,787,35,0.0
163,266786,788,10089,50188,476,788,35,0.0
164,265987,799,10136,50924,481,799,33,0.0
165,265196,791,10225,51626,489,791,40,0.0
166,264366,830,10253,52378,500,830,37,0.0
167,263594,772,10333,53121,507,772,39,0.0
168,262739,855,10382,53835,516,855,36,0.0
169,261870,869,10452,54604,532,869,33,0.0
170,260986,884,10590,55333,534,884,41,0.0
171,260115,871,10750,56048,543,871,33,0.0
172,259249,866,10859,56801,552,866,32,0.0
173,258384,865,10951,57570,557,865,36,0.0
174,257499,885,11024,58352,567,885,44,0.0
175,256661,838,11125,59129,574,838,51,0.0
176,255760,901,11191,59888,587,901,39,0.0
177,254961,799,11246,60725,596,799,41,0.0
178,254117,844,11257,61502,607,844,44,0.0
179,253301,816,11332,62266,612,816,39,0.0
180,252393,908,11308,63098,620,908,31,0.0
