#time,susceptible,exposed,infectious,recovered,dead,num infections today,num hospitalisations today,num hospitalisations today (data)
-29,240135,425,0,0,0,0,0,0.0
-28,240135,425,0,0,0,0,0,0.0
-27,240135,425,0,0,0,0,0,0.0
-26,240135,425,0,0,0,0,0,0.0
-25,240135,425,0,0,0,0,0,0.0
-24,240135,425,0,0,0,0,0,0.0
-23,240135,425,0,0,0,0,0,0.0
-22,240135,425,0,0,0,0,0,0.0
-21,240135,425,0,0,0,0,0,0.0
-20,240135,374,51,0,0,0,0,0.0
-19,240135,374,51,0,0,0,0,0.0
-18,240134,358,68,0,0,1,0,0.0
-17,240132,342,86,0,0,2,0,0.0
-16,240130,325,105,0,0,2,0,0.0
-15,240124,312,123,1,0,6,1,0.0
-14,240119,260,179,2,0,5,0,0.0
-13,240111,178,268,3,0,8,0,0.0
-12,240102,111,338,9,0,9,0,0.0
-11,240083,87,377,13,0,19,0,0.0
-10,240062,21,461,16,0,21,0,0.0
-9,240034,28,469,29,0,28,1,0.0
-8,240001,33,490,36,0,33,0,0.0
-7,239967,34,508,51,0,34,2,0.0
-6,239929,38,524,69,0,38,1,0.0
-5,239875,54,546,85,0,54,2,0.0
-4,239820,55,574,111,0,55,2,0.0
-3,239764,56,595,145,0,56,4,0.0
-2,239686,78,612,184,0,78,1,0.0
-1,239591,95,643,231,0,95,2,0.0
0,239495,96,694,275,0,96,1,40.0
1,239390,105,747,317,1,105,3,7.0
2,239271,119,809,360,1,119,4,10.0
3,239147,124,885,403,1,124,2,4.0
4,238997,150,959,453,1,150,2,3.0
5,238837,160,1054,508,1,160,2,5.0
6,238664,173,1172,549,2,173,2,6.0
7,238492,172,1310,584,2,172,1,6.0
8,238286,206,1421,645,2,206,3,9.0
9,238040,246,1568,704,2,246,2,12.0
10,237772,268,1744,773,3,268,4,7.0
11,237479,293,1950,834,4,293,6,11.0
12,237182,297,2162,915,4,297,7,18.0
13,236772,410,2366,1007,5,410,6,13.0
14,236369,403,2677,1105,6,403,5,27.0
15,235911,458,2973,1212,6,458,12,23.0
16,235746,165,3299,1344,6,165,8,33.0
17,235563,183,3321,1487,6,183,12,23.0
18,235364,199,3372,1619,6,199,7,35.0
19,235120,244,3396,1791,9,244,20,26.0
20,234906,214,3447,1983,10,214,11,23.0
21,234656,250,3444,2198,12,250,14,15.0
22,234414,242,3476,2414,14,242,16,1.0
23,234336,78,3507,2623,16,78,13,0.0
24,234241,95,3325,2880,19,95,20,0.0
25,234151,90,3142,3156,21,90,15,0.0
26,234047,104,2950,3433,26,104,13,0.0
27,233939,108,2777,3709,27,108,19,0.0
28,233855,84,2601,3990,30,84,13,0.0
29,233749,106,2414,4258,33,106,15,0.0
30,233640,109,2251,4526,34,109,15,0.0
31,233526,114,2093,4788,39,114,14,0.0
32,233408,118,1966,5022,46,118,6,0.0
33,233286,122,1892,5212,48,122,7,0.0
34,233159,127,1806,5416,52,127,10,0.0
35,233043,116,1734,5609,58,116,2,0.0
36,232918,125,1658,5797,62,125,11,0.0
37,232808,110,1613,5964,65,110,3,0.0
38,232667,141,1570,6114,68,141,10,0.0
39,232520,147,1559,6264,70,147,5,0.0
40,232400,120,1567,6402,71,120,4,0.0
41,232268,132,1563,6526,71,132,6,0.0
42,232146,122,1592,6629,71,122,3,0.0
43,232001,145,1594,6747,73,145,3,0.0
44,231858,143,1626,6859,74,143,6,0.0
45,231724,134,1641,6983,78,134,8,0.0
46,231587,137,1653,7104,79,137,5,0.0
47,231444,143,1691,7203,79,143,4,0.0
48,231304,140,1732,7305,79,140,4,0.0
49,231141,163,1777,7400,79,163,6,0.0
50,230975,166,1829,7509,81,166,7,0.0
51,230818,157,1866,7638,81,157,12,0.0
52,230659,159,1903,7756,83,159,10,0.0
53,230510,149,1913,7905,83,149,11,0.0
54,230357,153,1948,8017,85,153,10,0.0
55,230181,176,1980,8135,88,176,4,0.0
56,230024,157,2019,8270,90,157,7,0.0
57,229853,171,2037,8409,90,171,4,0.0
58,229685,168,2037,8578,92,168,7,0.0
59,229496,189,2048,8734,93,189,6,0.0
60,229331,165,2076,8894,94,165,7,0.0
61,229178,153,2088,9047,94,153,3,0.0
62,228983,195,2089,9196,97,195,8,0.0
63,228786,197,2162,9317,98,197,10,0.0
64,228586,200,2223,9451,100,200,10,0.0
65,228388,198,2252,9619,103,198,8,0.0
66,228190,198,2293,9773,106,198,14,0.0
67,228018,172,2360,9904,106,172,12,0.0
68,227818,200,2374,10060,108,200,7,0.0
69,227603,215,2405,10225,112,215,2,0.0
70,227420,183,2465,10378,114,183,11,0.0
71,227217,203,2493,10532,115,203,9,0.0
72,227015,202,2528,10698,117,202,8,0.0
73,226779,236,2553,10871,121,236,15,0.0
74,226567,212,2603,11055,123,212,12,0.0
75,226347,220,2631,11239,123,220,9,0.0
76,226130,217,2648,11439,126,217,5,0.0
77,225918,212,2679,11623,128,212,16,0.0
78,225702,216,2717,11794,131,216,9,0.0
79,225482,220,2725,12001,132,220,10,0.0
80,225232,250,2745,12199,134,250,12,0.0
81,224995,237,2806,12388,134,237,10,0.0
82,224748,247,2854,12574,137,247,13,0.0
83,224500,248,2911,12763,138,248,5,0.0
84,224289,211,2939,12977,144,211,11,0.0
85,224046,243,2951,13174,146,243,12,0.0
86,223813,233,2986,13380,148,233,18,0.0
87,223549,264,2984,13613,150,264,17,0.0
88,223284,265,3058,13800,153,265,13,0.0
89,223045,239,3111,14009,156,239,15,0.0
90,222820,225,3149,14205,161,225,16,0.0
91,222563,257,3173,14405,162,257,7,0.0
92,222310,253,3188,14645,164,253,14,0.0
93,222027,283,3247,14837,166,283,15,0.0
94,221530,497,3290,15075,168,497,7,0.0
95,221007,523,3555,15304,171,523,18,0.0
96,220497,510,3825,15549,179,510,9,0.0
97,219963,534,4088,15793,182,534,11,0.0
98,219460,503,4389,16021,187,503,18,0.0
99,218903,557,4638,16271,191,557,13,0.0
100,218363,540,4924,16539,194,540,12,0.0
101,217825,538,5192,16808,197,538,8,0.0
102,217304,521,5471,17063,201,521,10,0.0
103,216728,576,5725,17328,203,576,13,0.0
104,216188,540,6017,17612,203,540,15,0.0
105,215609,579,6291,17875,206,579,25,0.0
106,215027,582,6497,18242,212,582,34,0.0
107,214485,542,6714,18604,215,542,33,0.0
108,213922,563,6863,18995,217,563,27,0.0
109,213323,599,7009,19409,220,599,32,0.0
110,212692,631,7176,19841,220,631,33,0.0
111,212096,596,7336,20309,223,596,23,0.0
112,211496,600,7475,20761,228,600,38,0.0
113,210906,590,7526,21306,232,590,27,0.0
114,210294,612,7534,21880,240,612,29,0.0
115,209670,624,7650,22367,249,624,31,0.0
116,209032,638,7720,22918,252,638,34,0.0
117,208391,641,7795,23475,258,641,19,0.0
118,207697,694,7875,24028,266,694,29,0.0
119,207023,674,8039,24555,269,674,44,0.0
120,206362,661,8138,25122,277,661,26,0.0
121,205708,654,8212,25703,283,654,26,0.0
122,204981,727,8305,26263,284,727,39,0.0
123,204269,712,8473,26816,290,712,37,0.0
124,203623,646,8595,27395,301,646,42,0.0
125,202888,735,8670,27954,313,735,31,0.0
126,202178,710,8818,28531,323,710,25,0.0
127,201447,731,8922,29130,330,731,41,0.0
128,200773,674,8995,29781,337,674,42,0.0
129,200060,713,9035,30408,344,713,40,0.0
130,199284,776,9076,31073,351,776,29,0.0
131,198574,710,9201,31720,355,710,31,0.0
132,197883,691,9250,32370,366,691,32,0.0
133,197147,736,9284,33022,371,736,35,0.0
134,196398,749,9381,33654,378,749,37,0.0
135,195648,750,9502,34278,382,750,38,0.0
136,194852,796,9546,34974,392,796,42,0.0
137,194084,768,9630,35679,399,768,38,0.0
138,193308,776,9680,36389,407,776,42,0.0
139,192551,757,9731,37107,414,757,22,0.0
140,191780,771,9777,37805,427,771,34,0.0
141,191010,770,9859,38486,435,770,47,0.0
142,190168,842,9944,39164,442,842,40,0.0
143,189323,845,10099,39839,454,845,45,0.0
144,188555,768,10221,40557,459,768,46,0.0
145,187780,775,10258,41277,470,775,40,0.0
146,186992,788,10285,42019,476,788,47,0.0
147,186181,811,10350,42729,489,811,35,0.0
148,185388,793,10425,43457,497,793,37,0.0
149,184560,828,10479,44190,503,828,44,0.0
150,183756,804,10510,44973,517,804,47,0.0
151,182971,785,10559,45720,525,785,47,0.0
152,182197,774,10614,46437,538,774,53,0.0
153,181330,867,10596,47219,548,867,47,0.0
154,180453,877,10698,47973,559,877,36,0.0
155,179666,787,10796,48741,570,787,44,0.0
156,178824,842,10812,49500,582,842,49,0.0
157,178003,821,10844,50296,596,821,49,0.0
158,177179,824,10881,51070,606,824,45,0.0
159,176373,806,10925,51837,619,806,47,0.0
160,175563,810,10924,52633,630,810,40,0.0
161,174751,812,10965,53388,644,812,48,0.0
162,173935,816,10969,54187,653,816,49,0.0
163,173084,851,11003,54961,661,851,36,0.0
164,172258,826,11032,55771,673,826,51,0.0
165,171410,848,11036,56578,688,848,54,0.0
166,170559,851,11023,57424,703,851,39,0.0
167,169708,851,11052,58231,718,851,50,0.0
168,168846,862,11093,59026,733,862,47,0.0
169,168041,805,11116,59851,747,805,44,0.0
170,167222,819,11105,60650,764,819,46,0.0
171,166429,793,11071,61493,774,793,39,0.0
172,165615,814,11028,62321,782,814,47,0.0
173,164801,814,11002,63147,796,814,61,0.0
174,163994,807,11006,63946,807,807,43,0.0
175,163157,837,10985,64765,816,837,48,0.0
176,162373,784,10989,65589,825,784,51,0.0
177,161620,753,10947,66406,834,753,47,0.0
178,160835,785,10847,67247,846,785,49,0.0
179,160027,808,10823,68049,853,808,43,0.0
180,159194,833,10781,68892,860,833,46,0.0
