#time,susceptible,exposed,infectious,recovered,dead,num infections today,num hospitalisations today,num hospitalisations today (data)
-29,327724,425,0,0,0,0,0,0.0
-28,327724,425,0,0,0,0,0,0.0
-27,327724,425,0,0,0,0,0,0.0
-26,327724,425,0,0,0,0,0,0.0
-25,327724,425,0,0,0,0,0,0.0
-24,327724,425,0,0,0,0,0,0.0
-23,327724,425,0,0,0,0,0,0.0
-22,327724,425,0,0,0,0,0,0.0
-21,327724,425,0,0,0,0,0,0.0
-20,327724,374,51,0,0,0,0,0.0
-19,327722,376,51,0,0,2,0,0.0
-18,327721,358,70,0,0,1,0,0.0
-17,327721,340,88,0,0,0,0,0.0
-16,327717,327,105,0,0,4,0,0.0
-15,327712,311,126,0,0,5,0,0.0
-14,327704,263,181,1,0,8,0,0.0
-13,327693,181,271,4,0,11,0,0.0
-12,327680,115,350,4,0,13,1,0.0
-11,327660,88,393,8,0,20,0,0.0
-10,327646,14,476,13,0,14,0,0.0
-9,327619,27,480,23,0,27,1,0.0
-8,327584,35,493,37,0,35,2,0.0
-7,327542,42,520,45,0,42,2,0.0
-6,327480,62,545,62,0,62,2,0.0
-5,327412,68,582,87,0,68,2,0.0
-4,327323,89,624,113,0,89,4,0.0
-3,327233,90,670,156,0,90,2,0.0
-2,327109,124,730,186,0,124,1,0.0
-1,326992,117,809,230,1,117,1,0.0
0,326821,171,869,286,2,171,1,40.0
1,326639,182,982,343,3,182,5,7.0
2,326436,203,1113,394,3,203,5,10.0
3,326205,231,1280,430,3,231,7,4.0
4,325937,268,1461,480,3,268,2,3.0
5,325644,293,1686,522,4,293,1,5.0
6,325331,313,1917,583,5,313,1,6.0
7,324989,342,2157,656,5,342,1,6.0
8,324614,375,2428,727,5,375,0,9.0
9,324252,362,2735,794,6,362,6,12.0
10,323868,384,2999,892,6,384,6,7.0
11,323469,399,3274,1000,7,399,3,11.0
12,322998,471,3559,1114,7,471,2,18.0
13,322517,481,3877,1267,7,481,4,13.0
14,321968,549,4193,1432,7,549,7,27.0
15,321409,559,4539,1635,7,559,13,23.0
16,321143,266,4884,1849,7,266,11,33.0
17,320827,316,4924,2074,8,316,8,23.0
18,320547,280,4971,2343,8,280,7,35.0
19,320237,310,4957,2637,8,310,14,26.0
20,319903,334,4981,2920,11,334,12,23.0
21,319583,320,4982,3250,14,320,15,15.0
22,319245,338,4962,3588,16,338,16,1.0
23,319156,89,4934,3954,16,89,17,0.0
24,319049,107,4642,4334,17,107,13,0.0
25,318952,97,4375,4707,18,97,11,0.0
26,318835,117,4065,5112,20,117,20,0.0
27,318714,121,3781,5509,24,121,12,0.0
28,318611,103,3489,5917,29,103,9,0.0
29,318475,136,3182,6325,31,136,6,0.0
30,318331,144,2909,6730,35,144,12,0.0
31,318197,134,2693,7086,39,134,6,0.0
32,318067,130,2499,7412,41,130,10,0.0
33,317923,144,2334,7701,47,144,13,0.0
34,317803,120,2191,7987,48,120,9,0.0
35,317674,129,2048,8250,48,129,6,0.0
36,317538,136,1962,8462,51,136,10,0.0
37,317390,148,1893,8665,53,148,5,0.0
38,317232,158,1858,8846,55,158,6,0.0
39,317068,164,1844,9014,59,164,9,0.0
40,316922,146,1851,9168,62,146,4,0.0
41,316763,159,1847,9315,65,159,11,0.0
42,316602,161,1858,9458,70,161,7,0.0
43,316448,154,1896,9580,71,154,5,0.0
44,316275,173,1900,9727,74,173,6,0.0
45,316106,169,1957,9840,77,169,7,0.0
46,315932,174,1983,9981,79,174,6,0.0
47,315744,188,2009,10128,80,188,8,0.0
48,315556,188,2096,10228,81,188,6,0.0
49,315396,160,2157,10354,82,160,6,0.0
50,315206,190,2160,10511,82,190,10,0.0
51,315017,189,2203,10656,84,189,8,0.0
52,314812,205,2253,10795,84,205,7,0.0
53,314617,195,2312,10940,85,195,6,0.0
54,314461,156,2349,11096,87,156,7,0.0
55,314268,193,2335,11264,89,193,13,0.0
56,314101,167,2363,11428,90,167,12,0.0
57,313917,184,2375,11580,93,184,8,0.0
58,313708,209,2392,11746,94,209,7,0.0
59,313503,205,2420,11927,94,205,7,0.0
60,313277,226,2459,12093,94,226,10,0.0
61,313071,206,2490,12288,94,206,9,0.0
62,312853,218,2538,12443,97,218,6,0.0
63,312623,230,2596,12601,99,230,7,0.0
64,312426,197,2654,12772,100,197,16,0.0
65,312188,238,2664,12958,101,238,7,0.0
66,311975,213,2705,13154,102,213,10,0.0
67,311716,259,2720,13347,107,259,13,0.0
68,311457,259,2760,13562,111,259,10,0.0
69,311176,281,2834,13744,114,281,17,0.0
70,310919,257,2928,13929,116,257,11,0.0
71,310647,272,2968,14146,116,272,11,0.0
72,310398,249,3039,14343,120,249,5,0.0
73,310123,275,3099,14528,124,275,8,0.0
74,309877,246,3164,14738,124,246,10,0.0
75,309582,295,3208,14939,125,295,11,0.0
76,309289,293,3303,15137,127,293,11,0.0
77,309026,263,3370,15358,132,263,5,0.0
78,308734,292,3400,15590,133,292,12,0.0
79,308446,288,3451,15831,133,288,15,0.0
80,308144,302,3498,16069,136,302,11,0.0
81,307821,323,3557,16310,138,323,12,0.0
82,307532,289,3619,16568,141,289,12,0.0
83,307241,291,3667,16807,143,291,20,0.0
84,306936,305,3709,17053,146,305,15,0.0
85,306635,301,3763,17304,146,301,15,0.0
86,306353,282,3803,17561,150,282,13,0.0
87,306032,321,3810,17831,155,321,10,0.0
88,305699,333,3870,18085,162,333,13,0.0
89,305380,319,3898,18386,166,319,13,0.0
90,305049,331,3938,18664,167,331,18,0.0
91,304701,348,3999,18934,167,348,12,0.0
92,304367,334,4057,19220,171,334,21,0.0
93,304043,324,4125,19483,174,324,7,0.0
94,303232,811,4157,19771,178,811,11,0.0
95,302423,809,4688,20050,179,809,25,0.0
96,301547,876,5220,20323,183,876,22,0.0
97,300715,832,5788,20628,186,832,12,0.0
98,299818,897,6304,20939,191,897,15,0.0
99,298927,891,6884,21255,192,891,15,0.0
100,298020,907,7475,21548,199,907,12,0.0
101,297067,953,8078,21849,202,953,17,0.0
102,296091,976,8680,22198,204,976,17,0.0
103,295119,972,9290,22561,207,972,27,0.0
104,294080,1039,9847,22970,213,1039,26,0.0
105,293060,1020,10442,23414,213,1020,41,0.0
106,291981,1079,11012,23859,218,1079,41,0.0
107,290932,1049,11552,24392,224,1049,28,0.0
108,289863,1069,11975,25015,227,1069,35,0.0
109,288735,1128,12372,25683,231,1128,32,0.0
110,287557,1178,12721,26455,238,1178,26,0.0
111,286368,1189,13120,27228,244,1189,49,0.0
112,285172,1196,13480,28052,249,1196,43,0.0
113,283968,1204,13793,28927,257,1204,51,0.0
114,282777,1191,14089,29832,260,1191,47,0.0
115,281571,1206,14397,30706,269,1206,55,0.0
116,280230,1341,14629,31673,276,1341,53,0.0
117,278908,1322,14945,32689,285,1322,43,0.0
118,277587,1321,15266,33677,298,1321,47,0.0
119,276154,1433,15565,34693,304,1433,65,0.0
120,274811,1343,15951,35727,317,1343,61,0.0
121,273420,1391,16217,36794,327,1391,60,0.0
122,271951,1469,16501,37886,342,1469,36,0.0
123,270548,1403,16868,38973,357,1403,55,0.0
124,269076,1472,17167,40064,370,1472,68,0.0
125,267604,1472,17437,41252,384,1472,65,0.0
126,266036,1568,17751,42394,400,1568,67,0.0
127,264551,1485,18155,43548,410,1485,56,0.0
128,263005,1546,18440,44738,420,1546,54,0.0
129,261432,1573,18757,45952,435,1573,60,0.0
130,259903,1529,19006,47261,450,1529,81,0.0
131,258342,1561,19237,48546,463,1561,65,0.0
132,256775,1567,19513,49815,479,1567,79,0.0
133,255139,1636,19683,51197,494,1636,65,0.0
134,253483,1656,19906,52595,509,1656,76,0.0
135,251765,1718,20118,54028,520,1718,89,0.0
136,250131,1634,20446,55410,528,1634,72,0.0
137,248449,1682,20633,56841,544,1682,84,0.0
138,246776,1673,20886,58256,558,1673,64,0.0
139,245040,1736,21065,59732,576,1736,71,0.0
140,243319,1721,21288,61233,588,1721,86,0.0
141,241708,1611,21489,62738,603,1611,71,0.0
142,239912,1796,21539,64283,619,1796,76,0.0
143,238084,1828,21803,65794,640,1828,79,0.0
144,236390,1694,22145,67264,656,1694,92,0.0
145,234617,1773,22301,68780,678,1773,84,0.0
146,232859,1758,22500,70336,696,1758,83,0.0
147,231065,1794,22644,71937,709,1794,89,0.0
148,229364,1701,22838,73518,728,1701,91,0.0
149,227547,1817,22925,75114,746,1817,84,0.0
150,225769,1778,23013,76820,769,1778,78,0.0
151,223948,1821,23125,78469,786,1821,83,0.0
152,222144,1804,23243,80155,803,1804,76,0.0
153,220314,1830,23383,81805,817,1830,95,0.0
154,218520,1794,23476,83518,841,1794,83,0.0
155,216732,1788,23503,85258,868,1788,83,0.0
156,214815,1917,23555,86967,895,1917,96,0.0
157,212949,1866,23826,88597,911,1866,83,0.0
158,211082,1867,23955,90314,931,1867,85,0.0
159,209359,1723,24102,92010,955,1723,108,0.0
160,207505,1854,24005,93809,976,1854,85,0.0
161,205752,1753,24126,95521,997,1753,104,0.0
162,203960,1792,24162,97211,1024,1792,98,0.0
163,202097,1863,24207,98937,1045,1863,105,0.0
164,200264,1833,24256,100734,1062,1833,94,0.0
165,198413,1851,24320,102488,1077,1851,93,0.0
166,196637,1776,24352,104292,1092,1776,84,0.0
167,194809,1828,24333,106057,1122,1828,99,0.0
168,193023,1786,24332,107866,1142,1786,90,0.0
169,191190,1833,24320,109639,1167,1833,84,0.0
170,189411,1779,24291,111471,1197,1779,108,0.0
171,187614,1797,24204,113307,1227,1797,91,0.0
172,185807,1807,24135,115147,1253,1807,113,0.0
173,184055,1752,24139,116932,1271,1752,97,0.0
174,182234,1821,24113,118691,1290,1821,83,0.0
175,180452,1782,24107,120501,1307,1782,86,0.0
176,178709,1743,24088,122278,1331,1743,95,0.0
177,176937,1772,23958,124133,1349,1772,86,0.0
178,175195,1742,24009,125834,1369,1742,98,0.0
179,173535,1660,23840,127716,1398,1660,111,0.0
180,171798,1737,23674,129515,1425,1737,109,0.0
