#time,susceptible,exposed,infectious,recovered,dead,num infections today,num hospitalisations today,num hospitalisations today (data)
-29,317055,448,0,0,0,0,0,0.0
-28,317055,448,0,0,0,0,0,0.0
-27,317055,448,0,0,0,0,0,0.0
-26,317055,448,0,0,0,0,0,0.0
-25,317055,448,0,0,0,0,0,0.0
-24,317055,448,0,0,0,0,0,0.0
-23,317055,448,0,0,0,0,0,0.0
-22,317055,448,0,0,0,0,0,0.0
-21,317055,448,0,0,0,0,0,0.0
-20,317055,448,0,0,0,0,0,0.0
-19,317055,448,0,0,0,0,0,0.0
-18,317055,448,0,0,0,0,0,0.0
-17,317055,448,0,0,0,0,0,0.0
-16,317055,391,57,0,0,0,0,0.0
-15,317054,392,57,0,0,1,0,0.0
-14,317052,376,75,0,0,2,0,0.0
-13,317051,360,92,0,0,1,0,0.0
-12,317046,347,110,0,0,5,0,0.0
-11,317041,335,127,0,0,5,0,0.0
-10,317033,290,180,0,0,8,2,0.0
-9,317029,197,277,0,0,4,0,0.0
-8,317017,139,347,0,0,12,3,0.0
-7,317008,108,332,55,0,9,0,0.0
-6,316990,51,407,55,0,18,1,0.0
-5,316972,61,400,70,0,18,2,0.0
-4,316946,83,387,87,0,26,5,0.0
-3,316925,92,382,104,0,21,2,0.0
-2,316897,111,376,119,0,28,6,0.0
-1,316862,128,345,168,0,35,6,0.0
0,316827,145,268,263,0,35,6,40.0
1,316784,162,230,327,0,43,0,7.0
2,316736,189,217,361,0,48,1,10.0
3,316695,202,176,430,0,41,0,4.0
4,316646,216,203,438,0,49,0,3.0
5,316594,233,235,441,0,52,0,5.0
6,316546,238,266,453,0,48,2,6.0
7,316487,249,305,462,0,59,0,6.0
8,316417,278,328,480,0,70,0,9.0
9,316337,309,360,497,0,80,1,12.0
10,316248,346,385,523,1,89,1,7.0
11,316165,381,412,544,1,83,1,11.0
12,316078,409,444,571,1,87,0,18.0
13,315990,427,480,605,1,88,1,13.0
14,315909,428,526,639,1,81,4,27.0
15,315800,448,571,683,1,109,2,23.0
16,315682,483,607,730,1,118,2,33.0
17,315556,522,654,769,2,126,2,23.0
18,315422,568,695,816,2,134,4,35.0
19,315289,620,725,867,2,133,3,26.0
20,315116,684,786,915,2,173,3,23.0
21,314952,730,844,975,2,164,4,15.0
22,314775,781,901,1044,2,177,3,1.0
23,314578,844,952,1127,2,197,2,0.0
24,314397,892,995,1217,2,181,5,0.0
25,314153,963,1083,1302,2,244,4,0.0
26,313915,1037,1162,1387,2,238,4,0.0
27,313655,1120,1254,1472,2,260,6,0.0
28,313381,1197,1374,1549,2,274,4,0.0
29,313105,1292,1450,1654,2,276,4,0.0
30,312766,1387,1581,1767,2,339,10,0.0
31,312412,1503,1695,1891,2,354,7,0.0
32,312027,1628,1825,2021,2,385,9,0.0
33,311644,1737,1975,2145,2,383,5,0.0
34,311230,1875,2084,2312,2,414,5,0.0
35,310776,1990,2265,2470,2,454,10,0.0
36,310287,2125,2446,2643,2,489,6,0.0
37,309755,2272,2639,2835,2,532,5,0.0
38,309169,2475,2850,3007,2,586,11,0.0
39,308527,2703,3022,3249,2,642,13,0.0
40,307866,2910,3241,3484,2,661,13,0.0
41,307111,3176,3478,3736,2,755,17,0.0
42,306346,3409,3747,3999,2,765,17,0.0
43,305512,3657,4067,4265,2,834,14,0.0
44,304593,3934,4382,4592,2,919,28,0.0
45,303655,4211,4702,4933,2,938,19,0.0
46,302584,4527,5083,5307,2,1071,21,0.0
47,301487,4859,5489,5666,2,1097,27,0.0
48,300384,5128,5925,6064,2,1103,25,0.0
49,299178,5415,6404,6504,2,1206,22,0.0
50,297916,5739,6875,6971,2,1262,26,0.0
51,296607,5977,7435,7481,3,1309,29,0.0
52,295121,6366,7961,8052,3,1486,35,0.0
53,293637,6747,8441,8675,3,1484,28,0.0
54,292052,7126,9009,9313,3,1585,29,0.0
55,290432,7484,9540,10044,3,1620,39,0.0
56,288664,7943,10103,10790,3,1768,44,0.0
57,286836,8285,10776,11603,3,1828,48,0.0
58,284981,8656,11375,12488,3,1855,54,0.0
59,282969,9083,12060,13388,3,2012,46,0.0
60,280989,9443,12647,14421,3,1980,52,0.0
61,278797,9867,13361,15475,3,2192,53,0.0
62,276658,10178,14124,16540,3,2139,60,0.0
63,274368,10613,14814,17704,4,2290,63,0.0
64,272006,10963,15601,18929,4,2362,68,0.0
65,269648,11341,16316,20194,4,2358,63,0.0
66,267156,11641,17061,21641,4,2492,75,0.0
67,264646,12012,17766,23074,5,2510,88,0.0
68,261980,12388,18519,24611,5,2666,70,0.0
69,259296,12710,19305,26186,6,2684,81,0.0
70,256440,13208,19962,27887,6,2856,91,0.0
71,253541,13615,20671,29670,6,2899,89,0.0
72,250622,14024,21379,31472,6,2919,103,0.0
73,247684,14296,22096,33421,6,2938,108,0.0
74,244552,14744,22864,35337,6,3132,120,0.0
75,241478,14962,23601,37455,7,3074,122,0.0
76,238317,15224,24433,39522,7,3161,114,0.0
77,235184,15438,25142,41730,9,3133,120,0.0
78,231865,15819,25808,43999,12,3319,118,0.0
79,228574,15978,26661,46278,12,3291,128,0.0
80,225323,16155,27318,48692,15,3251,152,0.0
81,222014,16303,28043,51128,15,3309,158,0.0
82,218671,16513,28591,53711,17,3343,153,0.0
83,215299,16566,29314,56307,17,3372,139,0.0
84,211958,16616,29852,59059,18,3341,148,0.0
85,208520,16803,30301,61858,21,3438,170,0.0
86,205081,16933,30767,64699,23,3439,169,0.0
87,201660,17011,31258,67550,24,3421,166,0.0
88,198250,17049,31593,70586,25,3410,176,0.0
89,194694,17264,31942,73576,27,3556,163,0.0
90,191292,17228,32305,76651,27,3402,135,0.0
91,187835,17246,32703,79692,27,3457,160,0.0
92,184366,17294,32885,82928,30,3469,192,0.0
93,180899,17351,33068,86154,31,3467,184,0.0
94,177354,17340,33437,89339,33,3545,149,0.0
95,173969,17323,33624,92554,33,3385,183,0.0
96,170622,17213,33828,95807,33,3347,173,0.0
97,167272,17094,33967,99137,33,3350,168,0.0
98,163811,17088,34151,102419,34,3461,175,0.0
99,160409,16945,34316,105799,34,3402,186,0.0
100,157069,16900,34304,109194,36,3340,181,0.0
101,153810,16812,34281,112563,37,3259,191,0.0
102,150537,16735,34278,115913,40,3273,168,0.0
103,147298,16513,34243,119408,41,3239,163,0.0
104,144085,16324,34305,122745,44,3213,183,0.0
105,140977,16092,34211,126179,44,3108,163,0.0
106,137914,15896,34011,129636,46,3063,180,0.0
107,134856,15681,33849,133071,46,3058,171,0.0
108,131804,15494,33558,136601,46,3052,155,0.0
109,128919,15166,33408,139961,49,2885,179,0.0
110,126043,14934,33167,143308,51,2876,200,0.0
111,123179,14735,32873,146664,52,2864,176,0.0
112,120347,14509,32480,150115,52,2832,158,0.0
113,117618,14186,32143,153501,55,2729,178,0.0
114,114983,13936,31714,156815,55,2635,174,0.0
115,112397,13646,31344,160061,55,2586,153,0.0
116,109760,13419,30948,163319,57,2637,153,0.0
117,107259,13088,30532,166566,58,2501,151,0.0
118,104765,12853,30014,169812,59,2494,170,0.0
119,102307,12676,29543,172918,59,2458,178,0.0
120,99929,12468,29031,176014,61,2378,162,0.0
121,97542,12218,28605,179075,63,2387,148,0.0
122,95252,12007,28061,182118,65,2290,125,0.0
123,92909,11856,27647,185023,68,2343,156,0.0
124,90732,11575,27188,187937,71,2177,150,0.0
125,88579,11350,26651,190848,75,2153,139,0.0
126,86503,11039,26179,193705,77,2076,123,0.0
127,84459,10793,25713,196458,80,2044,133,0.0
128,82512,10397,25397,199115,82,1947,134,0.0
129,80651,10081,24937,201752,82,1861,142,0.0
130,78784,9795,24418,204424,82,1867,134,0.0
131,76988,9515,23948,206967,85,1796,114,0.0
132,75220,9239,23475,209482,87,1768,126,0.0
133,73517,8995,22942,211960,89,1703,144,0.0
134,71907,8744,22370,214392,90,1610,143,0.0
135,70379,8405,21778,216849,92,1528,107,0.0
136,68760,8228,21251,219170,94,1619,125,0.0
137,67219,8001,20662,221525,96,1541,125,0.0
138,65742,7775,20121,223765,100,1477,132,0.0
139,64325,7582,19538,225956,102,1417,102,0.0
140,62899,7480,18964,228056,104,1426,131,0.0
141,61576,7184,18518,230119,106,1323,105,0.0
142,60269,6950,18063,232113,108,1307,115,0.0
143,59032,6710,17640,234010,111,1237,77,0.0
144,57811,6514,17120,235945,113,1221,112,0.0
145,56622,6277,16705,237784,115,1189,84,0.0
146,55393,6183,16198,239614,115,1229,91,0.0
147,54288,5981,15793,241322,119,1105,90,0.0
148,53223,5809,15351,242999,121,1065,81,0.0
149,52165,5646,14982,244586,124,1058,78,0.0
150,51167,5455,14506,246248,127,998,87,0.0
151,50161,5232,14150,247831,129,1006,82,0.0
152,49168,5120,13728,249354,133,993,85,0.0
153,48292,4931,13328,250819,133,876,72,0.0
154,47392,4773,12903,252300,135,900,83,0.0
155,46508,4659,12531,253669,136,884,62,0.0
156,45673,4488,12196,255010,136,835,52,0.0
157,44859,4309,11912,256287,136,814,77,0.0
158,44015,4277,11486,257586,139,844,76,0.0
159,43224,4168,11118,258853,140,791,53,0.0
160,42484,4024,10739,260116,140,740,68,0.0
161,41781,3892,10427,261263,140,703,65,0.0
162,41036,3823,10101,262399,144,745,58,0.0
163,40362,3653,9820,263522,146,674,61,0.0
164,39677,3547,9582,264549,148,685,50,0.0
165,39081,3403,9255,265616,148,596,49,0.0
166,38446,3335,8923,266651,148,635,50,0.0
167,37864,3172,8732,267585,150,582,48,0.0
168,37278,3084,8472,268516,153,586,53,0.0
169,36690,2987,8223,269450,153,588,51,0.0
170,36090,2991,7949,270320,153,600,47,0.0
171,35567,2879,7742,271162,153,523,55,0.0
172,35069,2795,7439,272046,154,498,44,0.0
173,34583,2695,7203,272868,154,486,37,0.0
174,34064,2626,7031,273628,154,519,46,0.0
175,33557,2533,6887,274370,156,507,44,0.0
176,33077,2490,6631,275149,156,480,38,0.0
177,32602,2467,6415,275863,156,475,27,0.0
178,32147,2436,6194,276570,156,455,34,0.0
179,31718,2346,6079,277203,157,429,33,0.0
180,31242,2315,5913,277875,158,476,50,0.0
